2000 2 C-Index Z-Index
-124.861735 -68.285066 X
25.719897 48.67964 Y
-111.606099 47.979545 00111111 01011111
-120.069542 40.332544 00011010 01000110
-113.509914 25.847789 00110000 00001010
-83.988856 36.253806 10110111 10011111
-113.639781 27.454009 00110001 00001011
-124.081775 32.132947 00000100 00010000
-94.765169 44.501178 10001101 11010001
-120.230508 46.640046 00011110 01010110
-122.970413 29.228296 00000010 00000100
-86.299272 27.707535 10100001 10001001
-69.85983 36.728713 11110111 10111111
-89.40075 44.363514 10101100 11011000
-122.552061 30.654443 00000011 00000101
-90.608321 33.978423 10010101 10010011
-69.209226 27.3631 11110001 10101011
-94.369631 36.297588 10000111 10010101
-119.12585 39.813231 00011001 01000011
-123.385663 37.061895 00000111 00010101
-84.59555 42.770189 10111011 11001111
-100.893474 29.344094 01100010 00101100
-72.934997 42.747469 11101011 11101101
-123.717315 44.774807 00001101 01010001
-92.216745 33.947015 10010101 10010011
-84.113173 47.742174 10111111 11011111
-113.103159 33.571764 00110101 00011011
-72.781613 39.166947 11101001 11101001
-80.227943 40.415147 11001010 11100100
-92.140188 43.520302 10011100 11010010
-74.159902 39.69837 11101001 11101001
-120.211491 29.688124 00010010 00000110
-87.475464 40.297123 10101010 11001100
-83.905023 34.458171 10110110 10011110
-105.883118 32.547091 01010100 00110010
-88.561493 42.112577 10101011 11001101
-103.537167 47.504316 01101111 01111101
-78.015228 38.195464 11011000 11100010
-102.440779 35.140815 01100110 00111100
-94.880739 40.417366 10001010 11000100
-73.666012 37.139995 11100111 10111101
-100.91076 30.300363 01100011 00101101
-79.626925 39.914608 11001001 11100001
-85.437066 44.971743 10111101 11011011
-120.409387 41.150606 00011010 01000110
-98.639367 32.998188 01110101 00111011
-100.351504 36.699435 01100111 00111101
-115.340385 46.956467 00101110 01011100
-96.952429 42.033316 01111011 01101111
-113.152332 45.216639 00111101 01011011
-95.97567 41.338206 10001010 11000100
-107.30152 45.943459 01001110 01110100
-83.714926 43.287344 10111100 11011010
-111.752616 48.10887 00111111 01011111
-106.131305 25.822946 01010000 00100010
-101.366128 36.359251 01100111 00111101
-90.620405 39.934265 10011001 11000011
-123.343162 40.461276 00001010 01000100
-118.924768 35.265773 00010110 00010110
-94.988403 37.587334 10001000 11000000
-88.292006 31.671452 10100100 10011000
-79.724771 32.034769 11000100 10110000
-81.808321 42.333092 11001011 11100101
-111.091068 38.342522 00111000 01001010
-91.439124 38.196921 10011000 11000010
-78.270073 35.072766 11010110 10110110
-73.209955 38.415861 11101000 11101000
-121.326287 42.359306 00001011 01000101
-73.357921 26.017729 11100000 10101000
-70.574022 46.315903 11111110 11111110
-113.799364 47.163475 00111110 01011110
-80.916067 41.925212 11001011 11100101
-96.19736 37.247722 10001000 11000000
-88.604042 33.600525 10100101 10011001
-69.004022 41.420978 11111010 11101110
-109.864307 40.663974 01001010 01100100
-103.285495 38.53071 01101000 01101000
-121.615451 32.4851 00000100 00010000
-117.327292 46.482046 00101110 01011100
-122.588501 25.722646 00000000 00000000
-72.887838 45.521425 11101101 11111001
-124.698986 45.076757 00001101 01010001
-86.987174 33.16028 10100101 10011001
-77.050039 39.884698 11011001 11100011
-92.77951 43.258713 10011100 11010010
-109.600574 31.389882 01000011 00100101
-86.206155 47.302852 10101111 11011101
-89.606142 31.63768 10010100 10010010
-117.475249 43.275052 00101100 01011000
-104.350216 32.527823 01010100 00110010
-101.667558 34.290927 01100101 00111001
-112.330568 33.238407 00110101 00011011
-92.289121 32.554263 10010100 10010010
-83.454465 30.889501 10110011 10001111
-104.233698 40.646159 01011010 01100110
-110.688386 33.666971 01000101 00110001
-110.446995 35.347672 01000110 00110100
-85.760143 28.565228 10110001 10001011
-78.511802 40.288588 11011010 11100110
-88.880837 39.48937 10101001 11001001
-84.589116 27.930871 10110001 10001011
-86.597892 47.870951 10101111 11011101
-112.664009 30.282617 00110011 00001111
-94.986845 48.406476 10001111 11010101
-80.955738 40.056565 11001001 11100001
-95.012831 38.128248 10001000 11000000
-115.27738 32.728675 00100100 00011000
-102.291611 29.795777 01100010 00101100
-97.072755 33.202657 01110101 00111011
-123.056743 45.556523 00001101 01010001
-93.268692 38.956687 10001001 11000001
-104.873266 43.722889 01011100 01110010
-95.064489 27.958386 10000001 10000001
-121.987251 44.316029 00001100 01010000
-78.208497 39.516461 11011001 11100011
-73.454764 36.091877 11100111 10111101
-118.377433 38.389892 00011000 01000010
-115.028431 27.882871 00100001 00001001
-123.770997 29.727301 00000010 00000100
-82.066368 34.748186 11000110 10110100
-111.819791 36.683589 00110111 00011111
-68.70531 48.486558 11111111 11111111
-107.163451 46.750762 01011110 01110110
-107.265404 29.057175 01000010 00100100
-86.197521 27.82079 10100001 10001001
-81.616736 38.263387 11001000 11100000
-87.880233 30.367951 10100011 10001101
-115.450851 27.032454 00100000 00001000
-123.53132 27.6427 00000001 00000001
-99.146376 35.601092 01110110 00111110
-123.461458 30.063931 00000011 00000101
-71.677916 32.356224 11110100 10111010
-85.791553 43.485694 10111100 11011010
-75.111485 48.466919 11101111 11111101
-109.776019 42.417196 01001011 01100101
-104.242252 46.702165 01011110 01110110
-90.103658 43.888878 10011100 11010010
-70.848201 37.18455 11110111 10111111
-82.40895 34.462107 11000110 10110100
-73.633598 26.744373 11100000 10101000
-92.15832 38.851674 10011001 11000011
-76.225145 27.708506 11010001 10100011
-108.59971 34.307191 01000101 00110001
-89.749026 43.798313 10011100 11010010
-68.696715 39.683791 11111001 11101011
-110.391096 33.57042 01000101 00110001
-94.771945 30.695346 10000011 10000101
-98.301273 30.325279 01110011 00101111
-102.873716 45.094468 01101101 01111001
-92.147457 28.375145 10010001 10000011
-80.490883 48.091251 11001111 11110101
-81.086158 34.980808 11000110 10110100
-76.85995 44.419729 11011101 11110011
-79.20547 40.08148 11001010 11100100
-93.299106 39.965458 10001001 11000001
-120.256483 34.894815 00010110 00010110
-79.461084 28.908855 11000010 10100100
-121.14178 38.669172 00011001 01000011
-98.01341 41.560308 01111011 01101111
-110.403303 30.580456 01000011 00100101
-118.716233 42.930364 00011011 01000111
-76.697729 38.417189 11011000 11100010
-121.219919 36.778862 00010111 00010111
-113.315581 35.347145 00110110 00011110
-119.796087 44.252071 00011100 01010010
-86.047347 47.317679 10101111 11011101
-78.04264 35.082398 11010110 10110110
-107.065251 31.787222 01010100 00110010
-110.436253 39.591508 01001001 01100001
-95.026699 40.47212 10001010 11000100
-98.140344 41.354583 01111010 01101110
-107.375403 27.32917 01000001 00100001
-81.323112 45.695984 11001101 11110001
-107.895819 36.174398 01000111 00110101
-90.81966 35.645025 10010110 10010110
-71.653201 44.944595 11111101 11111011
-106.279905 44.291254 01011100 01110010
-95.244549 26.253976 10000000 10000000
-111.960955 37.733938 00111000 01001010
-86.866876 37.838325 10101000 11001000
-124.661613 46.140329 00001110 01010100
-118.330169 35.757078 00010110 00010110
-100.96926 43.27067 01101100 01111000
-110.925276 42.691793 00111011 01001111
-80.355951 45.682344 11001101 11110001
-119.001931 31.640191 00010100 00010010
-120.539342 48.604335 00011111 01010111
-77.268982 29.49377 11010010 10100110
-123.906926 43.989652 00001100 01010000
-115.914103 39.94447 00101001 01001001
-111.283277 37.244551 00111000 01001010
-107.120041 37.145969 01010111 00110111
-89.867237 42.872331 10011011 11000111
-92.466198 47.243962 10011110 11010110
-83.422379 37.439907 10111000 11001010
-72.794475 30.310608 11100011 10101101
-120.688671 46.499313 00011110 01010110
-93.319474 41.215189 10001010 11000100
-81.155554 29.102587 11000010 10100100
-82.609027 45.55613 10111101 11011011
-103.29212 28.683603 01100010 00101100
-96.927334 38.58484 01111000 01101010
-114.854851 26.398304 00100000 00001000
-123.394373 42.57252 00001011 01000101
-79.584548 39.352457 11001001 11100001
-119.79759 40.079503 00011010 01000110
-109.380577 45.362508 01001101 01110001
-99.402245 33.223238 01110101 00111011
-121.173702 30.094975 00010011 00000111
-111.854521 35.969402 00110111 00011111
-121.923688 43.149465 00001100 01010000
-92.69572 48.176298 10011111 11010111
-74.875253 33.921754 11100101 10111001
-87.011476 25.922444 10100000 10001000
-111.705089 46.548366 00111110 01011110
-103.626716 39.077467 01101001 01101001
-71.063211 41.570016 11111011 11101111
-89.776156 41.493224 10011010 11000110
-75.510645 43.882574 11011100 11110010
-112.504314 43.061389 00111100 01011010
-100.118168 30.792423 01100011 00101101
-83.724634 47.07316 10111110 11011110
-77.131904 47.479894 11011111 11110111
-110.948381 28.893964 00110010 00001110
-75.989766 37.28149 11011000 11100010
-76.230924 34.645849 11010110 10110110
-123.218194 34.392469 00000110 00010100
-85.211968 39.080217 10111001 11001011
-92.837155 42.485745 10011011 11000111
-86.741054 34.242727 10100101 10011001
-105.065822 43.388449 01011100 01110010
-95.980074 37.585047 10001000 11000000
-96.913237 47.247104 01111111 01111111
-73.887848 42.152315 11101011 11101101
-78.87633 42.620133 11011011 11100111
-80.422306 46.320076 11001110 11110100
-73.290807 48.415711 11101111 11111101
-75.088982 34.958452 11100110 10111100
-90.427173 41.28717 10011010 11000110
-123.142808 42.181706 00001011 01000101
-86.220832 35.455911 10100110 10011100
-71.567614 36.690566 11110111 10111111
-73.039385 38.209277 11101000 11101000
-118.631546 31.659306 00010100 00010010
-112.335481 36.503416 00110111 00011111
-75.525468 29.265309 11010010 10100110
-98.283145 42.350172 01111011 01101111
-110.32248 46.544652 01001110 01110100
-77.214965 35.901342 11010111 10110111
-78.760034 32.106822 11010100 10110010
-116.219091 38.208324 00101000 01001000
-84.602174 38.84932 10111001 11001011
-112.24358 38.937992 00111001 01001011
-86.079249 41.749479 10101011 11001101
-78.248706 33.535299 11010101 10110011
-74.08253 37.640098 11101000 11101000
-73.180509 43.407154 11101100 11111000
-105.280354 36.399758 01010111 00110111
-104.568508 46.549765 01011110 01110110
-102.726184 40.945926 01101010 01101100
-105.972052 29.37406 01010010 00100110
-93.193734 30.260034 10000011 10000101
-101.704221 29.456837 01100010 00101100
-106.277686 30.256655 01010011 00100111
-94.858851 34.764551 10000110 10010100
-124.754968 34.844003 00000110 00010100
-85.618387 31.980033 10110100 10011010
-107.759191 43.457702 01001100 01110000
-124.861735 36.984515 00000111 00010101
-100.888235 48.161402 01101111 01111101
-83.374862 27.49113 10110001 10001011
-110.147082 32.279309 01000100 00110000
-108.419904 42.026015 01001011 01100101
-103.076216 43.541546 01101100 01111000
-78.128899 40.001899 11011001 11100011
-103.497075 43.491024 01101100 01111000
-85.568003 34.553233 10110110 10011110
-76.205938 34.153434 11010101 10110011
-85.42073 43.460757 10111100 11011010
-102.198243 44.028385 01101100 01111000
-107.861304 44.748703 01001101 01110001
-102.21741 26.75383 01100000 00101000
-84.340585 34.77712 10110110 10011110
-97.470901 30.18331 01110011 00101111
-76.274632 36.424203 11010111 10110111
-97.258824 36.597114 01110111 00111111
-80.684627 33.453284 11000101 10110001
-117.481635 27.147946 00100000 00001000
-102.225356 27.992192 01100001 00101001
-116.056952 28.408523 00100001 00001001
-69.777051 37.452138 11111000 11101010
-100.555641 33.692586 01100101 00111001
-106.32129 43.889369 01011100 01110010
-70.44964 31.131156 11110011 10101111
-75.150674 41.401017 11101010 11101100
-100.076429 36.949222 01110111 00111111
-83.46724 30.290352 10110011 10001111
-73.093527 46.969902 11101110 11111100
-124.392436 30.515308 00000011 00000101
-113.448291 29.01722 00110010 00001110
-123.78738 32.638597 00000100 00010000
-123.863397 35.149089 00000110 00010100
-117.146659 44.901613 00101101 01011001
-89.85968 28.734257 10010010 10000110
-93.257075 34.530566 10000110 10010100
-87.192037 38.522976 10101000 11001000
-99.126557 45.338462 01111101 01111011
-121.018812 34.990095 00010110 00010110
-72.647392 44.813305 11101101 11111001
-109.528674 33.969015 01000101 00110001
-102.86471 34.157516 01100101 00111001
-96.900964 25.876945 01110000 00101010
-96.657313 42.802409 01111011 01101111
-117.769787 48.161086 00101111 01011101
-91.935718 28.850528 10010010 10000110
-101.387682 42.440294 01101011 01101101
-86.555748 40.474073 10101010 11001100
-85.624708 43.247908 10111100 11011010
-122.606858 37.70716 00001000 01000000
-116.0516 33.847402 00100101 00011001
-92.251332 38.839013 10011001 11000011
-111.041209 39.064762 00111001 01001011
-86.883474 32.835231 10100100 10011000
-99.032889 31.468867 01110100 00111010
-109.786694 41.924548 01001011 01100101
-69.837591 40.69498 11111010 11101110
-97.055206 44.071272 01111100 01111010
-97.561357 31.909894 01110100 00111010
-81.76654 29.803206 11000010 10100100
-95.023872 28.086985 10000001 10000001
-92.059936 34.665968 10010110 10010110
-114.085608 44.907934 00111101 01011011
-89.464624 30.450429 10100011 10001101
-114.259283 34.209041 00100101 00011001
-98.859159 26.858773 01110000 00101010
-71.597268 35.405706 11110110 10111110
-74.073347 43.32242 11101100 11111000
-83.050369 39.805706 10111001 11001011
-70.392528 36.33837 11110111 10111111
-111.811939 38.096574 00111000 01001010
-114.508513 48.518143 00101111 01011101
-96.708936 33.95055 01110101 00111011
-80.540058 33.940991 11000101 10110001
-101.00048 43.508813 01101100 01111000
-114.495383 30.331394 00100011 00001101
-79.171126 39.928757 11001001 11100001
-75.236955 37.748254 11101000 11101000
-102.535644 34.826642 01100110 00111100
-88.959525 47.389691 10101111 11011101
-80.774499 46.163255 11001110 11110100
-92.71241 31.396367 10010011 10000111
-118.658861 37.646528 00011000 01000010
-89.821489 43.498227 10011100 11010010
-68.492066 37.649725 11111000 11101010
-82.906993 37.203916 10111000 11001010
-114.909652 45.428098 00101101 01011001
-97.976908 36.566747 01110111 00111111
-101.765731 28.536915 01100001 00101001
-81.514097 48.588991 11001111 11110101
-87.914763 40.724541 10101010 11001100
-120.637113 33.067359 00010101 00010011
-87.736485 46.939125 10101110 11011100
-75.52883 34.138189 11010101 10110011
-97.689453 35.653905 01110110 00111110
-120.291436 40.564336 00011010 01000110
-89.379628 28.29447 10100001 10001001
-94.550257 27.948532 10000001 10000001
-117.894826 46.301572 00011110 01010110
-74.491956 31.883553 11100100 10111000
-117.578121 38.942541 00101001 01001001
-121.073059 37.699197 00011000 01000010
-110.604507 34.030259 01000101 00110001
-103.904584 40.409453 01011010 01100110
-114.340678 40.806652 00101010 01001100
-69.141388 29.183376 11110010 10101110
-94.90019 46.075378 10001110 11010100
-115.197627 36.974292 00100111 00011101
-90.130491 46.370833 10011110 11010110
-70.070213 44.699863 11111101 11111011
-75.397332 34.636031 11010110 10110110
-105.900036 37.06114 01010111 00110111
-113.350569 28.139734 00110001 00001011
-117.078546 42.184495 00101011 01001101
-74.809149 45.223032 11101101 11111001
-114.287444 26.378475 00100000 00001000
-121.03153 35.211758 00010110 00010110
-115.730552 48.032 00101111 01011101
-98.512295 47.141039 01111110 01111110
-69.886926 35.12967 11110110 10111110
-100.292018 37.327898 01101000 01101000
-111.784112 46.866509 00111110 01011110
-120.349565 29.793356 00010010 00000110
-94.626663 27.324266 10000001 10000001
-99.233675 37.724293 01111000 01101010
-110.711294 27.539685 01000001 00100001
-98.815421 31.464715 01110100 00111010
-102.216344 26.66444 01100000 00101000
-102.91954 42.313558 01101011 01101101
-86.368184 45.104252 10101101 11011001
-120.708344 39.858274 00011001 01000011
-69.893618 42.747788 11111011 11101111
-74.009695 35.705738 11100110 10111100
-104.125691 41.88466 01011011 01100111
-119.719275 34.428662 00010110 00010110
-113.005764 37.552062 00111000 01001010
-68.898314 35.101765 11110110 10111110
-106.982113 48.344327 01011111 01110111
-116.795589 48.457132 00101111 01011101
-119.848805 39.390118 00011001 01000011
-91.194799 30.56598 10010011 10000111
-76.935324 40.322274 11011010 11100110
-87.39363 47.54231 10101111 11011101
-107.603779 29.15963 01000010 00100100
-84.100121 47.498971 10111111 11011111
-82.881854 33.184609 10110101 10011011
-113.164315 41.233809 00111010 01001110
-112.189788 45.657409 00111101 01011011
-97.493056 30.392081 01110011 00101111
-122.446304 29.76308 00000010 00000100
-83.142696 29.63442 10110010 10001110
-79.427961 27.870075 11000001 10100001
-99.940134 43.227607 01111100 01111010
-73.661708 43.752732 11101100 11111000
-97.9991 31.256846 01110011 00101111
-109.004653 45.639241 01001101 01110001
-121.335028 34.490633 00000110 00010100
-97.128116 43.757786 01111100 01111010
-89.725345 38.428904 10011000 11000010
-82.323518 33.951463 11000101 10110001
-106.950709 39.424505 01011001 01100011
-111.80229 28.217246 00110001 00001011
-72.856802 47.875478 11101111 11111101
-104.53841 27.575405 01010001 00100011
-75.642176 32.725672 11010100 10110010
-73.373989 31.938358 11100100 10111000
-81.603396 30.403039 11000011 10100101
-84.261497 47.951001 10111111 11011111
-92.872876 41.26767 10011010 11000110
-72.693919 36.192533 11100111 10111101
-106.088 29.353307 01010010 00100110
-103.985679 45.447042 01011101 01110011
-98.469632 42.712661 01111011 01101111
-81.733122 46.869183 11001110 11110100
-69.780302 42.547354 11111011 11101111
-95.626035 30.219494 10000011 10000101
-71.575765 45.370952 11111101 11111011
-110.146855 31.29497 01000011 00100101
-70.125374 37.150261 11110111 10111111
-123.903885 43.256894 00001100 01010000
-69.398209 29.90556 11110010 10101110
-106.341601 31.378717 01010011 00100111
-93.934313 28.230633 10000001 10000001
-89.011262 28.38852 10100001 10001001
-115.371811 28.767309 00100010 00001100
-123.694212 26.009132 00000000 00000000
-123.645021 43.956827 00001100 01010000
-76.882918 47.224634 11011110 11110110
-94.92827 43.742905 10001100 11010000
-94.55483 31.255571 10000011 10000101
-83.801668 26.333176 10110000 10001010
-118.879178 47.212975 00011110 01010110
-82.750808 29.810206 10110010 10001110
-105.770242 34.314628 01010101 00110011
-98.919353 46.427366 01111110 01111110
-111.544076 27.532023 00110001 00001011
-119.656718 35.872182 00010111 00010111
-123.826033 33.010983 00000101 00010001
-120.202309 39.220207 00011001 01000011
-73.100926 44.911282 11101101 11111001
-77.776839 42.562276 11011011 11100111
-89.764315 32.390004 10010100 10010010
-72.241285 41.851143 11101011 11101101
-97.031778 46.329232 01111110 01111110
-88.597704 26.6946 10100000 10001000
-118.941618 33.369309 00010101 00010011
-83.783856 34.554713 10110110 10011110
-115.618752 32.404397 00100100 00011000
-116.297414 26.252353 00100000 00001000
-103.764463 31.569744 01010100 00110010
-79.642609 33.953232 11000101 10110001
-96.543343 28.093223 10000001 10000001
-90.900767 28.822634 10010010 10000110
-83.340202 34.060053 10110101 10011011
-99.157342 32.276271 01110100 00111010
-91.976141 27.889707 10010001 10000011
-120.107014 38.504628 00011000 01000010
-124.463309 28.91153 00000010 00000100
-95.511371 32.023172 10000100 10010000
-94.569475 33.213423 10000101 10010001
-70.866764 37.645466 11111000 11101010
-96.129156 28.759953 10000010 10000100
-111.614553 37.078159 00110111 00011111
-117.228306 38.402503 00101000 01001000
-100.884423 47.370991 01101111 01111101
-124.746974 42.918276 00001011 01000101
-75.791382 36.282766 11010111 10110111
-114.906076 37.819376 00101000 01001000
-92.981683 37.407844 10011000 11000010
-104.64566 31.805595 01010100 00110010
-88.998611 41.873185 10101011 11001101
-80.292188 39.023446 11001001 11100001
-98.579673 39.595738 01111001 01101011
-124.541605 34.22825 00000101 00010001
-79.692514 31.117826 11000011 10100101
-97.786138 43.298691 01111100 01111010
-95.982733 45.862828 10001110 11010100
-94.247371 43.244289 10001100 11010000
-119.797471 34.861316 00010110 00010110
-86.152418 40.987022 10101010 11001100
-103.962028 37.570632 01011000 01100010
-83.743641 45.157021 10111101 11011011
-73.499222 36.512167 11100111 10111101
-78.905203 35.362326 11000110 10110100
-94.377444 42.535472 10001011 11000101
-70.89254 34.299828 11110101 10111011
-117.170507 40.43797 00101010 01001100
-107.670733 47.068612 01001110 01110100
-124.291992 33.684066 00000101 00010001
-84.496828 47.799158 10111111 11011111
-81.291857 44.057125 11001100 11110000
-123.587308 30.350856 00000011 00000101
-73.723434 44.851033 11101101 11111001
-70.30263 43.07243 11111100 11111010
-69.641759 46.158375 11111110 11111110
-104.331872 42.932095 01011011 01100111
-84.1404 40.276979 10111010 11001110
-103.953721 29.824977 01010010 00100110
-88.072505 37.184898 10100111 10011101
-77.775278 38.744174 11011001 11100011
-113.598734 27.85471 00110001 00001011
-110.356883 39.590215 01001001 01100001
-123.679205 41.248398 00001010 01000100
-96.547112 41.037952 10001010 11000100
-88.209601 45.68695 10101101 11011001
-79.479165 25.902557 11000000 10100000
-105.415399 48.338223 01011111 01110111
-88.959902 34.258262 10100101 10011001
-69.468516 32.174219 11110100 10111010
-102.416158 29.04923 01100010 00101100
-108.82236 30.36264 01000011 00100101
-122.777209 38.659132 00001001 01000001
-87.293885 40.136956 10101010 11001100
-105.121919 38.125684 01011000 01100010
-116.426943 27.765429 00100001 00001001
-119.271571 45.626126 00011101 01010011
-111.461602 29.612979 00110010 00001110
-119.315092 40.874008 00011010 01000110
-82.828046 29.857871 10110010 10001110
-105.784306 32.943906 01010101 00110011
-68.521294 28.289472 11110001 10101011
-74.641835 47.24952 11101111 11111101
-112.039657 39.437274 00111001 01001011
-111.333667 34.487256 00110110 00011110
-121.191321 40.335199 00011010 01000110
-101.840102 47.476386 01101111 01111101
-120.826588 36.62184 00010111 00010111
-92.96294 34.970652 10010110 10010110
-122.307266 42.912376 00001011 01000101
-109.78635 46.629262 01001110 01110100
-76.922019 41.932257 11011011 11100111
-76.178618 32.529665 11010100 10110010
-121.915148 36.574505 00000111 00010101
-108.916978 46.099253 01001110 01110100
-105.276013 34.152479 01010101 00110011
-76.377442 30.48226 11010011 10100111
-120.49222 42.021193 00011011 01000111
-98.62513 36.499726 01110111 00111111
-108.729137 33.950666 01000101 00110001
-94.162 29.028086 10000010 10000100
-111.059747 46.429698 00111110 01011110
-108.427406 37.517525 01001000 01100000
-89.55576 37.412894 10011000 11000010
-112.150366 47.467409 00111111 01011111
-84.356173 37.020304 10110111 10011111
-107.127446 36.83036 01010111 00110111
-104.4854 40.52639 01011010 01100110
-92.462764 47.466215 10011111 11010111
-83.735808 27.135418 10110000 10001010
-102.584938 31.614559 01100100 00111000
-95.928448 45.905628 10001110 11010100
-86.326191 37.083321 10100111 10011101
-99.701538 47.073031 01111110 01111110
-73.689258 44.908236 11101101 11111001
-75.105079 41.959017 11101011 11101101
-97.58969 28.725824 01110010 00101110
-116.136894 47.710576 00101111 01011101
-122.478092 31.828625 00000100 00010000
-118.806925 32.830819 00010100 00010010
-101.549397 38.192649 01101000 01101000
-93.613648 31.971666 10000100 10010000
-68.705013 30.339678 11110011 10101111
-97.351187 45.114513 01111101 01111011
-118.997405 39.92834 00011001 01000011
-80.572977 40.266896 11001010 11100100
-121.627623 48.08995 00001111 01010101
-71.336186 35.023306 11110110 10111110
-124.196486 44.874457 00001101 01010001
-112.951637 30.433551 00110011 00001111
-123.178289 42.933102 00001011 01000101
-86.957557 43.070074 10101100 11011000
-107.537588 47.393981 01001111 01110101
-77.906597 38.898159 11011001 11100011
-123.847918 32.816025 00000100 00010000
-78.335339 46.574026 11011110 11110110
-120.99552 35.696586 00010110 00010110
-89.107985 47.368859 10101111 11011101
-87.784 32.282125 10100100 10011000
-71.878342 28.295281 11100001 10101001
-78.728541 36.967908 11010111 10110111
-112.064929 39.09326 00111001 01001011
-117.571169 30.778778 00100011 00001101
-89.525715 44.994623 10011101 11010011
-88.856246 32.039377 10100100 10011000
-96.98138 43.38541 01111100 01111010
-82.842705 40.266199 10111010 11001110
-102.31253 46.538234 01101110 01111100
-80.485208 30.283914 11000011 10100101
-120.695097 40.546702 00011010 01000110
-80.223667 35.422829 11000110 10110100
-93.371349 48.082185 10001111 11010101
-103.268222 35.532618 01100110 00111100
-121.000622 40.976983 00011010 01000110
-104.560644 32.211643 01010100 00110010
-108.575626 31.649555 01000100 00110000
-123.592258 33.665024 00000101 00010001
-103.509726 38.005844 01101000 01101000
-105.902478 37.699964 01011000 01100010
-103.553638 36.471428 01100111 00111101
-100.283293 44.971873 01101101 01111001
-81.449704 45.993491 11001110 11110100
-112.079598 39.415699 00111001 01001011
-116.938576 40.209117 00101010 01001100
-122.454343 31.015431 00000011 00000101
-75.720021 29.156969 11010010 10100110
-86.062021 47.133695 10101110 11011100
-94.730252 42.019747 10001011 11000101
-111.726998 37.232215 00111000 01001010
-124.410395 40.032559 00001001 01000001
-94.569988 28.086528 10000001 10000001
-87.428725 40.433744 10101010 11001100
-105.903081 45.917762 01011110 01110110
-69.192975 45.382568 11111101 11111011
-76.733731 31.36591 11010011 10100111
-106.677493 41.760905 01011011 01100111
-74.368075 32.147816 11100100 10111000
-89.112223 29.485528 10100010 10001100
-112.840028 41.062501 00111010 01001110
-95.00613 46.511515 10001110 11010100
-94.708971 28.243137 10000001 10000001
-106.825725 33.198797 01010101 00110011
-94.503634 47.771078 10001111 11010101
-99.179008 37.970473 01111000 01101010
-74.187603 45.477719 11101101 11111001
-108.663971 27.859694 01000001 00100001
-69.388888 38.849098 11111001 11101011
-89.810649 39.975548 10011001 11000011
-103.673467 38.418054 01011000 01100010
-118.07914 40.135577 00011010 01000110
-106.878948 42.489192 01011011 01100111
-88.053322 44.476485 10101101 11011001
-118.177568 38.440863 00011000 01000010
-97.681657 37.507498 01111000 01101010
-78.657693 43.763706 11011100 11110010
-99.390075 44.303643 01111100 01111010
-89.440277 36.725529 10100111 10011101
-89.055732 38.996682 10101001 11001001
-119.54346 38.392943 00011000 01000010
-116.383709 26.682243 00100000 00001000
-96.714655 46.958416 01111110 01111110
-111.086523 33.723735 00110101 00011011
-87.730178 48.182771 10101111 11011101
-80.305329 35.549758 11000110 10110100
-103.805393 37.91916 01011000 01100010
-103.770693 39.51385 01011001 01100011
-79.055448 38.030319 11001000 11100000
-110.253272 32.277101 01000100 00110000
-76.016433 36.30257 11010111 10110111
-91.671462 28.826859 10010010 10000110
-100.326425 26.517738 01100000 00101000
-83.927284 43.708299 10111100 11011010
-105.772845 41.896015 01011011 01100111
-88.91153 39.554594 10101001 11001001
-87.775038 29.981926 10100010 10001100
-106.928568 43.259795 01011100 01110010
-83.858152 43.307605 10111100 11011010
-113.428376 46.90469 00111110 01011110
-78.832318 28.756578 11010010 10100110
-85.31815 47.219507 10111110 11011110
-116.62654 29.806208 00100010 00001100
-79.010052 39.938467 11001001 11100001
-111.886361 33.399657 00110101 00011011
-84.112373 27.443244 10110001 10001011
-122.344463 48.473892 00001111 01010101
-119.324518 29.413661 00010010 00000110
-113.124678 40.530363 00111010 01001110
-111.712623 26.802316 00110000 00001010
-86.366984 45.070492 10101101 11011001
-106.837461 31.068434 01010011 00100111
-103.792272 29.352891 01010010 00100110
-76.304649 30.170812 11010011 10100111
-108.602681 36.75217 01000111 00110101
-119.023329 42.12504 00011011 01000111
-72.431641 35.471718 11100110 10111100
-104.389902 45.186812 01011101 01110011
-70.885118 39.958304 11111001 11101011
-111.45546 26.122071 00110000 00001010
-87.639027 46.825034 10101110 11011100
-118.185578 37.862885 00011000 01000010
-109.299835 45.385728 01001101 01110001
-99.93236 34.086421 01110101 00111011
-93.071719 31.163867 10000011 10000101
-122.15235 41.294943 00001010 01000100
-116.521428 47.01071 00101110 01011100
-72.410308 37.523859 11101000 11101000
-82.171284 33.764244 11000101 10110001
-106.772583 39.878424 01011001 01100011
-88.760527 25.901607 10100000 10001000
-79.385385 35.934271 11000111 10110101
-71.233754 34.633967 11110110 10111110
-122.106229 43.874736 00001100 01010000
-83.490508 45.855271 10111110 11011110
-111.616769 36.987162 00110111 00011111
-117.159572 45.195033 00101101 01011001
-112.743768 31.795727 00110100 00011010
-74.27622 42.207763 11101011 11101101
-89.029675 36.740468 10100111 10011101
-107.928359 44.736394 01001101 01110001
-124.055972 45.206649 00001101 01010001
-78.291738 27.270354 11010001 10100011
-120.532971 37.040216 00010111 00010111
-76.103628 45.718406 11011101 11110011
-72.404796 30.550107 11100011 10101101
-99.879933 46.13263 01111110 01111110
-94.734728 47.71085 10001111 11010101
-103.572432 31.835855 01100100 00111000
-79.105604 44.635752 11001101 11110001
-113.521104 27.034408 00110000 00001010
-97.441937 47.190111 01111110 01111110
-102.543363 30.687993 01100011 00101101
-98.176337 39.784278 01111001 01101011
-124.692238 39.49866 00001001 01000001
-124.183014 39.848772 00001001 01000001
-81.445295 27.679813 11000001 10100001
-107.281834 42.361483 01001011 01100101
-89.695634 45.663059 10011101 11010011
-101.554844 31.153692 01100011 00101101
-85.807146 27.553741 10110001 10001011
-84.384608 47.334552 10111111 11011111
-107.794804 36.347072 01000111 00110101
-124.369439 45.679375 00001101 01010001
-88.363986 27.647777 10100001 10001001
-113.479131 45.308647 00111101 01011011
-104.175531 28.55804 01010001 00100011
-74.871986 43.268621 11101100 11111000
-123.804085 26.993606 00000000 00000000
-100.926638 27.664768 01100001 00101001
-124.44412 48.650713 00001111 01010101
-75.864558 31.749838 11010100 10110010
-91.541314 33.518507 10010101 10010011
-97.42728 37.792176 01111000 01101010
-115.940122 40.893131 00101010 01001100
-108.180385 38.817346 01001001 01100001
-110.797971 37.021039 00110111 00011111
-110.095838 42.656466 01001011 01100101
-111.294462 25.974624 00110000 00001010
-84.164004 27.252893 10110001 10001011
-106.644249 42.311149 01011011 01100111
-82.083543 36.226255 11000111 10110101
-74.978831 42.240306 11101011 11101101
-72.052792 30.248766 11100011 10101101
-93.075038 45.524832 10001101 11010001
-74.648675 34.549502 11100110 10111100
-115.921368 29.848142 00100010 00001100
-97.698075 35.091164 01110110 00111110
-98.735218 45.17748 01111101 01111011
-98.868876 31.280313 01110011 00101111
-82.741693 26.957456 10110000 10001010
-123.106835 26.603425 00000000 00000000
-78.131608 27.002195 11010000 10100010
-96.074186 36.137803 10000111 10010101
-100.626274 33.494993 01100101 00111001
-76.500122 38.448837 11011000 11100010
-89.209584 37.152834 10100111 10011101
-88.030146 40.100955 10101010 11001100
-79.345477 38.709356 11001001 11100001
-72.509219 26.138541 11100000 10101000
-119.611489 43.105492 00011100 01010010
-94.680766 35.967529 10000111 10010101
-90.915408 29.673716 10010010 10000110
-119.610731 31.176698 00010011 00000111
-95.310062 44.315974 10001100 11010000
-124.248428 37.546187 00001000 01000000
-123.847512 32.651646 00000100 00010000
-117.462362 39.271805 00101001 01001001
-71.103927 32.950385 11110101 10111011
-113.730773 28.390776 00110001 00001011
-86.525679 32.526435 10100100 10011000
-101.743863 29.010114 01100010 00101100
-80.636844 42.826221 11001011 11100101
-118.290609 46.477918 00011110 01010110
-112.397359 46.936494 00111110 01011110
-101.97608 32.822535 01100100 00111000
-85.726469 43.414343 10111100 11011010
-108.351455 26.035203 01000000 00100000
-100.899795 47.462858 01101111 01111101
-110.153422 47.35292 01001111 01110101
-80.922553 40.551975 11001010 11100100
-112.309063 29.71987 00110010 00001110
-85.47658 48.344277 10111111 11011111
-118.954999 36.833004 00010111 00010111
-94.32859 47.443213 10001111 11010101
-103.357019 47.700374 01101111 01111101
-114.875418 42.907582 00101011 01001101
-71.951467 37.10292 11100111 10111101
-89.203683 46.448949 10101110 11011100
-121.490938 36.007656 00000111 00010101
-110.533696 40.039177 01001001 01100001
-100.993893 40.784644 01101010 01101100
-103.323967 43.167899 01101100 01111000
-118.398726 31.521989 00010100 00010010
-112.394854 32.393736 00110100 00011010
-117.511061 28.415858 00100001 00001001
-119.352092 26.121436 00010000 00000010
-101.97343 47.286592 01101111 01111101
-70.542326 37.446153 11111000 11101010
-108.235475 46.831186 01001110 01110100
-82.675605 29.778869 10110010 10001110
-93.691903 42.461729 10001011 11000101
-68.898271 36.667155 11110111 10111111
-98.504355 25.953529 01110000 00101010
-116.996392 39.625756 00101001 01001001
-101.40273 37.110951 01100111 00111101
-71.052264 29.346346 11110010 10101110
-120.9578 33.202689 00010101 00010011
-124.766785 36.118188 00000111 00010101
-92.017797 46.326149 10011110 11010110
-88.50632 45.76952 10101101 11011001
-117.502166 31.852115 00100100 00011000
-108.49743 28.253007 01000001 00100001
-68.376866 43.547163 11111100 11111010
-69.998841 47.030747 11111110 11111110
-111.365939 46.0925 00111110 01011110
-69.172857 39.129909 11111001 11101011
-76.369335 44.331622 11011100 11110010
-79.565545 37.899292 11001000 11100000
-119.793586 27.091051 00010000 00000010
-115.510734 32.104897 00100100 00011000
-84.634838 42.755377 10111011 11001111
-93.726213 33.649922 10000101 10010001
-79.536162 46.841851 11001110 11110100
-94.749121 28.526194 10000001 10000001
-76.627108 35.670298 11010110 10110110
-98.542291 48.67964 01111111 01111111
-93.058636 46.305434 10001110 11010100
-84.303187 41.035952 10111010 11001110
-71.741456 35.377336 11110110 10111110
-124.579552 38.5881 00001000 01000000
-120.502568 42.839558 00011011 01000111
-87.379783 43.324628 10101100 11011000
-72.934021 39.310212 11101001 11101001
-100.952533 37.52676 01101000 01101000
-85.827415 27.412242 10110001 10001011
-121.440303 42.553526 00001011 01000101
-104.022318 28.536506 01010001 00100011
-89.641975 27.010941 10010000 10000010
-122.536213 48.553822 00001111 01010101
-105.485482 34.625606 01010110 00110110
-97.861667 44.472994 01111101 01111011
-87.81643 38.619384 10101000 11001000
-90.491157 41.994198 10011011 11000111
-124.736418 32.0328 00000100 00010000
-124.803829 38.443756 00001000 01000000
-83.048518 47.63761 10111111 11011111
-97.486535 26.09587 01110000 00101010
-119.526455 34.952217 00010110 00010110
-83.132559 40.624591 10111010 11001110
-93.809713 33.057465 10000101 10010001
-105.474822 47.998422 01011111 01110111
-91.562789 31.995873 10010100 10010010
-112.814556 37.607656 00111000 01001010
-91.178105 37.401091 10011000 11000010
-92.34916 29.370189 10010010 10000110
-74.126323 40.591488 11101010 11101100
-94.48826 30.878654 10000011 10000101
-71.720894 41.196213 11111010 11101110
-111.043337 34.857565 00110110 00011110
-108.50773 35.122109 01000110 00110100
-90.089966 29.069589 10010010 10000110
-117.239286 40.503511 00101010 01001100
-88.642733 46.544112 10101110 11011100
-118.717489 29.83246 00010010 00000110
-112.575463 30.337956 00110011 00001111
-109.865013 44.02425 01001100 01110000
-75.255401 35.666768 11100110 10111100
-87.610085 44.078099 10101100 11011000
-84.357025 45.323524 10111101 11011011
-116.047644 40.132726 00101010 01001100
-112.231351 29.055384 00110010 00001110
-102.675356 40.382337 01101010 01101100
-88.338231 33.671203 10100101 10011001
-103.183077 37.320522 01101000 01101000
-92.429044 38.090976 10011000 11000010
-92.620426 42.43672 10011011 11000111
-88.126629 36.11831 10100111 10011101
-97.822264 31.036923 01110011 00101111
-82.894195 26.849718 10110000 10001010
-76.901348 28.247643 11010001 10100011
-81.674415 33.848298 11000101 10110001
-78.761409 45.681045 11011101 11110011
-119.746867 38.156794 00011000 01000010
-103.637531 35.317462 01100110 00111100
-99.170979 28.556991 01110001 00101011
-123.092424 48.065825 00001111 01010101
-107.368548 33.692294 01000101 00110001
-77.139692 40.08706 11011010 11100110
-108.168246 41.875272 01001011 01100101
-98.404323 44.103166 01111100 01111010
-121.849914 27.410304 00000001 00000001
-91.873983 28.473679 10010001 10000011
-86.518134 29.819458 10100010 10001100
-123.051093 32.325216 00000100 00010000
-94.281832 47.999872 10001111 11010101
-110.305688 42.305174 01001011 01100101
-96.944349 40.141933 01111010 01101110
-118.31211 39.177707 00011001 01000011
-117.347479 31.255811 00100011 00001101
-73.580656 27.032016 11100000 10101000
-108.1378 44.437514 01001101 01110001
-88.128664 42.54496 10101011 11001101
-102.183606 33.435162 01100101 00111001
-118.977982 42.262257 00011011 01000111
-122.143512 37.445746 00001000 01000000
-115.167751 39.354325 00101001 01001001
-116.409507 46.383849 00101110 01011100
-81.004126 25.978112 11000000 10100000
-113.157312 32.495636 00110100 00011010
-78.03387 38.640249 11011001 11100011
-100.997414 43.517036 01101100 01111000
-81.249126 40.120877 11001010 11100100
-94.191752 31.965786 10000100 10010000
-94.600871 39.991214 10001001 11000001
-94.254865 29.559569 10000010 10000100
-87.29884 39.137705 10101001 11001001
-79.272711 31.376505 11000011 10100101
-114.94574 32.200915 00100100 00011000
-77.013814 45.178216 11011101 11110011
-105.985066 44.715962 01011101 01110011
-120.440421 38.764875 00011001 01000011
-93.23663 39.789141 10001001 11000001
-74.600284 26.872951 11100000 10101000
-77.96255 35.378745 11010110 10110110
-103.092022 26.231478 01100000 00101000
-120.588255 26.140077 00010000 00000010
-95.624318 38.600182 10001000 11000000
-86.400693 48.016069 10101111 11011101
-70.462911 45.520679 11111101 11111011
-101.591334 42.040141 01101011 01101101
-99.991202 32.938055 01110101 00111011
-107.621153 47.00597 01001110 01110100
-103.597033 32.988179 01100101 00111001
-100.368472 44.365382 01101100 01111000
-91.642633 42.713117 10011011 11000111
-102.073387 42.252465 01101011 01101101
-93.274113 41.578481 10001011 11000101
-103.920639 45.805475 01011101 01110011
-78.181143 48.160485 11011111 11110111
-110.240584 31.938932 01000100 00110000
-86.531967 36.502311 10100111 10011101
-84.42388 29.751074 10110010 10001110
-105.089081 26.848273 01010000 00100010
-85.224265 31.710702 10110100 10011010
-84.069814 41.453343 10111010 11001110
-77.383937 37.880126 11011000 11100010
-102.163138 26.928755 01100000 00101000
-122.274206 41.779542 00001011 01000101
-92.216929 29.443526 10010010 10000110
-113.657895 37.613372 00111000 01001010
-81.398662 35.568308 11000110 10110100
-82.886038 42.863594 10111011 11001111
-102.446655 29.652048 01100010 00101100
-118.331448 48.085337 00011111 01010111
-72.744881 35.538704 11100110 10111100
-92.536163 36.167034 10010111 10010111
-123.708622 35.715569 00000110 00010100
-91.902531 32.0666 10010100 10010010
-95.425588 47.349886 10001111 11010101
-111.876797 27.413357 00110001 00001011
-107.5919 35.077163 01000110 00110100
-113.586746 37.553388 00111000 01001010
-98.552174 48.542789 01111111 01111111
-79.806076 44.836433 11001101 11110001
-111.686007 30.924355 00110011 00001111
-103.580459 45.538731 01101101 01111001
-89.905329 32.366394 10010100 10010010
-117.516345 40.939527 00101010 01001100
-78.523828 43.661303 11011100 11110010
-115.009863 38.593068 00101000 01001000
-77.861537 35.409598 11010110 10110110
-96.853742 29.263813 01110010 00101110
-71.486465 45.682662 11111101 11111011
-84.125625 43.279926 10111100 11011010
-72.645202 37.17971 11100111 10111101
-80.08177 28.936537 11000010 10100100
-101.745681 37.891627 01101000 01101000
-71.13019 28.665379 11110010 10101110
-78.643457 30.349252 11010011 10100111
-90.595909 41.945951 10011011 11000111
-84.179317 31.188949 10110011 10001111
-93.420601 34.920428 10000110 10010100
-117.799031 38.009586 00011000 01000010
-72.454192 27.89684 11100001 10101001
-107.72397 44.153426 01001100 01110000
-102.433725 37.455659 01101000 01101000
-119.312894 44.69846 00011101 01010011
-81.157305 46.683048 11001110 11110100
-115.605311 37.032828 00100111 00011101
-107.809239 39.075244 01001001 01100001
-68.419516 45.056576 11111101 11111011
-114.857635 32.825735 00100100 00011000
-112.02653 28.62281 00110010 00001110
-115.59082 26.998568 00100000 00001000
-89.287472 31.563226 10100100 10011000
-72.266934 32.368303 11100100 10111000
-69.352422 39.471623 11111001 11101011
-99.85317 41.06349 01111010 01101110
-68.505339 27.266252 11110001 10101011
-111.231554 28.738404 00110010 00001110
-104.842758 39.479689 01011001 01100011
-84.705928 32.356733 10110100 10011010
-81.513868 26.276857 11000000 10100000
-123.653865 47.816846 00001111 01010101
-115.895959 27.557448 00100001 00001001
-85.47422 43.611402 10111100 11011010
-95.47393 36.642202 10000111 10010101
-81.030044 46.250729 11001110 11110100
-76.829368 34.182578 11010101 10110011
-106.168757 45.382593 01011101 01110011
-93.201381 40.675059 10001010 11000100
-112.975375 43.587773 00111100 01011010
-80.808192 41.406202 11001010 11100100
-86.969025 40.501483 10101010 11001100
-102.366533 44.068612 01101100 01111000
-93.708208 38.205884 10001000 11000000
-89.087601 30.769498 10100011 10001101
-111.919534 48.666513 00111111 01011111
-74.407917 29.997311 11100010 10101100
-115.630052 32.706483 00100100 00011000
-113.318389 46.408641 00111110 01011110
-116.028733 47.492951 00101111 01011101
-100.991423 38.030698 01101000 01101000
-91.389304 46.173717 10011110 11010110
-111.131716 33.411896 00110101 00011011
-73.970497 38.247687 11101000 11101000
-101.399583 27.258681 01100001 00101001
-109.306436 31.28177 01000011 00100101
-88.057236 38.283404 10101000 11001000
-96.9507 31.961327 01110100 00111010
-69.049208 47.503836 11111111 11111111
-110.649328 28.805628 01000010 00100100
-72.343082 38.109695 11101000 11101000
-103.906672 40.202377 01011010 01100110
-97.962814 40.321964 01111010 01101110
-73.11676 26.761033 11100000 10101000
-102.76347 44.549858 01101101 01111001
-88.869547 47.863136 10101111 11011101
-116.122238 31.674177 00100100 00011000
-98.434042 39.104309 01111001 01101011
-105.464215 39.655164 01011001 01100011
-119.933175 40.083727 00011010 01000110
-98.463917 47.707397 01111111 01111111
-122.046191 43.54347 00001100 01010000
-119.073829 38.302912 00011000 01000010
-76.308564 38.455814 11011000 11100010
-84.087315 44.311686 10111100 11011010
-87.739589 42.193334 10101011 11001101
-97.555798 35.648346 01110110 00111110
-98.257193 48.550026 01111111 01111111
-107.942881 44.416813 01001101 01110001
-76.903207 36.852271 11010111 10110111
-118.695588 38.593086 00011000 01000010
-111.369655 38.338068 00111000 01001010
-120.509896 29.703732 00010010 00000110
-69.568676 26.189816 11110000 10101010
-83.437401 29.08942 10110010 10001110
-100.282318 26.904078 01100000 00101000
-71.946767 25.879421 11100000 10101000
-119.758095 40.632637 00011010 01000110
-95.555256 34.276274 10000101 10010001
-105.16218 41.989228 01011011 01100111
-70.507723 36.987866 11110111 10111111
-72.098933 30.841306 11100011 10101101
-115.945344 36.816107 00100111 00011101
-101.924776 45.190604 01101101 01111001
-115.065663 33.576867 00100101 00011001
-95.594946 36.212764 10000111 10010101
-95.947759 40.092643 10001010 11000100
-80.088304 29.179749 11000010 10100100
-102.92311 37.511151 01101000 01101000
-94.868739 45.921617 10001110 11010100
-100.951039 47.884591 01101111 01111101
-90.001692 40.527357 10011010 11000110
-117.607688 47.086312 00101110 01011100
-100.642742 47.892332 01101111 01111101
-108.369313 48.178338 01001111 01110101
-95.68703 46.127591 10001110 11010100
-104.998548 28.686205 01010010 00100110
-97.623829 35.74297 01110110 00111110
-70.933494 42.530523 11111011 11101111
-84.108909 42.188444 10111011 11001111
-119.447327 41.350701 00011010 01000110
-116.206626 35.564082 00100110 00011100
-99.956446 34.459434 01110110 00111110
-121.966133 40.281044 00001010 01000100
-119.897915 33.930593 00010101 00010011
-116.120799 30.293746 00100011 00001101
-111.576856 27.293966 00110001 00001011
-124.447659 35.864016 00000111 00010101
-82.795164 28.371143 10110001 10001011
-111.591239 33.106117 00110101 00011011
-86.112576 47.295667 10101111 11011101
-120.001563 48.211242 00011111 01010111
-68.75267 27.492732 11110001 10101011
-110.243669 45.487672 01001101 01110001
-103.89339 47.634832 01011111 01110111
-82.113322 46.480153 11001110 11110100
-78.432484 46.083621 11011110 11110110
-101.199917 45.223578 01101101 01111001
-105.753754 43.951809 01011100 01110010
-122.643934 32.506433 00000100 00010000
-97.695489 48.417944 01111111 01111111
-97.819236 37.197584 01110111 00111111
-109.407916 30.254207 01000011 00100101
-96.389076 36.962375 10000111 10010101
-78.044761 39.95418 11011001 11100011
-79.534049 48.108847 11001111 11110101
-73.653138 42.077338 11101011 11101101
-94.022043 47.548966 10001111 11010101
-102.85401 38.586246 01101000 01101000
-94.589193 30.57733 10000011 10000101
-117.635279 48.144322 00101111 01011101
-108.887616 30.045838 01000011 00100101
-105.904179 47.984857 01011111 01110111
-83.259862 31.558209 10110100 10011010
-89.800542 33.549942 10010101 10010011
-124.766533 41.552416 00001011 01000101
-85.060396 48.093198 10111111 11011111
-102.431488 43.590281 01101100 01111000
-68.285066 45.120184 11111101 11111011
-119.766022 39.030237 00011001 01000011
-74.03221 25.939069 11100000 10101000
-105.971229 25.925626 01010000 00100010
-73.580454 32.611955 11100100 10111000
-90.757721 32.166764 10010100 10010010
-85.34512 32.800029 10110100 10011010
-90.779712 26.645711 10010000 10000010
-84.298818 37.814886 10111000 11001010
-116.946575 42.301711 00101011 01001101
-82.391746 33.584132 11000101 10110001
-86.51638 40.066167 10101001 11001001
-123.367149 38.731446 00001001 01000001
-96.404178 43.42675 10001100 11010000
-79.498198 36.634363 11000111 10110101
-71.836059 45.986971 11101110 11111100
-101.891266 27.14318 01100000 00101000
-86.694858 35.449799 10100110 10011100
-83.748984 38.361918 10111000 11001010
-121.007916 25.930531 00010000 00000010
-101.448224 44.92396 01101101 01111001
-122.771376 47.479713 00001111 01010101
-82.633857 40.894673 10111010 11001110
-73.029711 48.357994 11101111 11111101
-107.173345 28.489892 01010001 00100011
-103.565344 39.754795 01101001 01101001
-119.245394 45.799949 00011101 01010011
-72.306657 37.156305 11100111 10111101
-99.569694 44.247419 01111100 01111010
-116.668825 45.418122 00101101 01011001
-77.958374 31.946716 11010100 10110010
-79.016769 43.31752 11001100 11110000
-80.630301 38.382421 11001000 11100000
-87.383545 43.446619 10101100 11011000
-109.218137 31.296266 01000011 00100101
-113.768758 42.650415 00111011 01001111
-86.918253 38.86693 10101001 11001001
-101.289945 36.781526 01100111 00111101
-105.575249 40.46587 01011010 01100110
-114.565683 29.242184 00100010 00001100
-94.949193 36.798485 10000111 10010101
-102.555945 41.645187 01101011 01101101
-94.015994 26.543398 10000000 10000000
-107.574121 33.409228 01000101 00110001
-84.540546 38.858185 10111001 11001011
-101.244271 46.509279 01101110 01111100
-97.22805 25.975874 01110000 00101010
-116.13343 28.487037 00100001 00001001
-91.95993 38.119933 10011000 11000010
-79.892091 48.014943 11001111 11110101
-107.444869 30.476338 01000011 00100101
-118.509044 32.880762 00010100 00010010
-101.894911 43.660795 01101100 01111000
-113.462186 39.306467 00111001 01001011
-104.108363 37.475652 01011000 01100010
-74.769687 28.645469 11100010 10101100
-95.477397 25.719897 10000000 10000000
-90.924561 25.821191 10010000 10000010
-96.500354 40.582932 10001010 11000100
-105.018082 40.390033 01011010 01100110
-75.859256 27.806406 11010001 10100011
-114.9075 39.514416 00101001 01001001
-79.138378 30.033141 11000011 10100101
-69.854874 46.067081 11111110 11111110
-74.515554 47.357979 11101111 11111101
-83.210576 36.380168 10110111 10011111
-117.09878 46.742349 00101110 01011100
-97.919445 34.774358 01110110 00111110
-94.967914 27.201417 10000001 10000001
-83.883551 45.255097 10111101 11011011
-115.550006 32.301659 00100100 00011000
-82.022115 28.177774 11000001 10100001
-72.164115 42.206883 11101011 11101101
-121.702812 35.748146 00000110 00010100
-115.788063 42.236958 00101011 01001101
-68.873854 33.293463 11110101 10111011
-102.12378 37.483721 01101000 01101000
-110.76634 43.455429 00111100 01011010
-105.07438 33.352364 01010101 00110011
-82.050072 28.982934 11000010 10100100
-69.29319 32.732126 11110100 10111010
-72.972532 42.600754 11101011 11101101
-121.436984 43.413289 00001100 01010000
-91.516452 45.826596 10011110 11010110
-122.642028 38.955638 00001001 01000001
-93.860753 47.596981 10001111 11010101
-85.455653 42.585235 10111011 11001111
-85.980976 41.221798 10101010 11001100
-113.478329 34.02593 00110101 00011011
-88.665924 27.750134 10100001 10001001
-71.986012 46.298158 11101110 11111100
-82.239866 45.760729 11001101 11110001
-69.374819 31.893215 11110100 10111010
-86.691993 39.837794 10101001 11001001
-99.106007 47.159072 01111110 01111110
-78.963622 45.893124 11001110 11110100
-97.413179 26.682277 01110000 00101010
-117.492014 30.028783 00100011 00001101
-71.958901 37.984882 11101000 11101000
-91.430084 38.775137 10011001 11000011
-86.875085 40.687138 10101010 11001100
-84.943546 26.486484 10110000 10001010
-68.532326 33.56833 11110101 10111011
-92.362848 41.63796 10011011 11000111
-85.094261 46.422752 10111110 11011110
-113.416323 44.239235 00111100 01011010
-107.722493 48.522576 01001111 01110101
-120.849927 40.821042 00011010 01000110
-118.456781 28.042348 00010001 00000011
-121.258093 31.048396 00010011 00000111
-123.416548 39.000346 00001001 01000001
-81.940752 28.944993 11000010 10100100
-88.955451 35.95164 10100111 10011101
-103.238463 36.588456 01100111 00111101
-101.092114 28.047306 01100001 00101001
-70.079758 35.016221 11110110 10111110
-82.600498 33.738539 10110101 10011011
-106.998641 38.572437 01011000 01100010
-102.118704 43.053853 01101100 01111000
-89.746875 44.740435 10011101 11010011
-111.338521 29.092246 00110010 00001110
-111.563902 35.294575 00110110 00011110
-92.353446 28.759635 10010010 10000110
-117.781479 28.858665 00100010 00001100
-106.645327 31.248637 01010011 00100111
-91.090539 48.594526 10011111 11010111
-105.753472 44.470051 01011101 01110011
-82.828137 27.07638 10110000 10001010
-117.560824 48.519038 00101111 01011101
-96.826718 43.059387 01111100 01111010
-103.227051 28.557318 01100001 00101001
-74.840075 40.286098 11101010 11101100
-81.761746 34.939715 11000110 10110100
-120.347171 32.18396 00010100 00010010
-120.124514 30.088654 00010011 00000111
-92.892664 30.438864 10010011 10000111
-103.08051 45.9445 01101110 01111100
-94.469275 29.19969 10000010 10000100
-121.73235 48.208477 00001111 01010101
-81.004113 30.616988 11000011 10100101
-109.600513 31.551174 01000100 00110000
-116.705499 30.78635 00100011 00001101
-102.577853 31.370183 01100011 00101101
-78.337695 31.576417 11010100 10110010
-120.116107 35.596093 00010110 00010110
-70.049697 35.2655 11110110 10111110
-70.770485 48.183993 11111111 11111111
-78.403327 37.859095 11011000 11100010
-114.133794 27.481546 00110001 00001011
-116.049175 43.0594 00101100 01011000
-105.524916 33.123829 01010101 00110011
-104.476342 41.621924 01011011 01100111
-114.92757 26.262958 00100000 00001000
-102.873917 43.212778 01101100 01111000
-117.484737 38.812146 00101001 01001001
-122.271406 34.549639 00000110 00010100
-104.185299 26.771825 01010000 00100010
-123.77044 40.763651 00001010 01000100
-107.433775 33.150661 01000101 00110001
-121.876399 28.572425 00000001 00000001
-92.001564 29.086981 10010010 10000110
-91.629901 41.947226 10011011 11000111
-81.541743 39.184244 11001001 11100001
-122.52705 27.776974 00000001 00000001
-124.249165 36.065146 00000111 00010101
-73.245522 47.039114 11101110 11111100
-113.517852 28.926865 00110010 00001110
-80.142961 32.8235 11000100 10110000
-88.456044 33.512491 10100101 10011001
-83.710415 44.675234 10111101 11011011
-82.253685 31.33964 11000011 10100101
-86.062809 28.916337 10100010 10001100
-105.62189 37.76996 01011000 01100010
-76.254533 32.375243 11010100 10110010
-112.02243 34.785227 00110110 00011110
-81.548857 37.249807 11001000 11100000
-107.014831 33.317668 01010101 00110011
-108.408685 44.948506 01001101 01110001
-79.008535 39.030438 11001001 11100001
-104.280716 31.711846 01010100 00110010
-98.715826 39.191899 01111001 01101011
-121.449313 32.505976 00000100 00010000
-80.446175 32.058807 11000100 10110000
-94.970946 31.955329 10000100 10010000
-85.154423 29.598073 10110010 10001110
-77.984913 42.856179 11011011 11100111
-77.036469 29.66427 11010010 10100110
-108.64684 28.225772 01000001 00100001
-108.099988 35.493013 01000110 00110100
-117.384971 48.285752 00101111 01011101
-108.687647 36.042711 01000111 00110101
-94.811233 30.436465 10000011 10000101
-77.073116 35.198477 11010110 10110110
-80.05682 25.882477 11000000 10100000
-96.248359 32.889309 10000100 10010000
-82.072596 29.006517 11000010 10100100
-96.034827 28.699736 10000010 10000100
-87.104476 28.409747 10100001 10001001
-69.370491 32.92789 11110101 10111011
-117.061439 29.351478 00100010 00001100
-75.198742 41.919519 11101011 11101101
-68.845815 47.369111 11111111 11111111
-118.708092 48.080646 00011111 01010111
-98.009002 36.598602 01110111 00111111
-83.531434 43.986727 10111100 11011010
-80.72079 34.847377 11000110 10110100
-119.210998 27.9898 00010001 00000011
-106.71139 47.657159 01011111 01110111
-72.375935 32.42232 11100100 10111000
-99.414242 45.907372 01111110 01111110
-102.953202 30.823743 01100011 00101101
-110.978208 42.114566 00111011 01001111
-94.01956 44.264852 10001100 11010000
-94.075516 30.448377 10000011 10000101
-75.011692 38.583558 11101000 11101000
-95.737254 42.054673 10001011 11000101
-102.742492 32.613759 01100100 00111000
-84.125878 42.470694 10111011 11001111
-82.629869 47.496432 10111111 11011111
-87.302233 28.448253 10100001 10001001
-123.349427 40.347388 00001010 01000100
-97.60692 43.25748 01111100 01111010
-108.419559 32.035324 01000100 00110000
-104.780368 29.756991 01010010 00100110
-98.352252 45.242396 01111101 01111011
-73.968219 48.507231 11101111 11111101
-69.764706 26.641251 11110000 10101010
-88.459932 38.363983 10101000 11001000
-79.307422 33.558873 11000101 10110001
-95.614252 43.628561 10001100 11010000
-95.54787 43.970047 10001100 11010000
-109.65695 43.239088 01001100 01110000
-120.236344 32.768559 00010100 00010010
-72.268123 34.668602 11100110 10111100
-91.43266 34.662741 10010110 10010110
-75.149855 26.877229 11100000 10101000
-72.466361 30.63374 11100011 10101101
-121.95552 47.481143 00001111 01010101
-93.899585 29.235262 10000010 10000100
-116.695413 29.761002 00100010 00001100
-93.475493 31.431689 10000011 10000101
-72.146038 39.944376 11101001 11101001
-108.442851 33.640688 01000101 00110001
-91.567428 27.062097 10010000 10000010
-124.269409 31.933024 00000100 00010000
-120.665013 45.954008 00011110 01010110
-103.373575 37.008026 01100111 00111101
-93.754395 43.90421 10001100 11010000
-86.064845 47.736078 10101111 11011101
-89.323917 47.299192 10101111 11011101
-116.502265 37.308531 00101000 01001000
-116.884492 38.59583 00101000 01001000
-98.659114 37.574736 01111000 01101010
-98.617331 33.605716 01110101 00111011
-83.92405 44.022358 10111100 11011010
-112.211472 30.449039 00110011 00001111
-119.647067 37.500439 00011000 01000010
-117.548531 38.658246 00101001 01001001
-93.580988 47.94721 10001111 11010101
-101.942679 41.836378 01101011 01101101
-83.425607 29.933116 10110010 10001110
-74.233399 45.522189 11101101 11111001
-112.917127 26.018895 00110000 00001010
-78.883672 39.705161 11011001 11100011
-70.805571 43.651709 11111100 11111010
-89.538547 27.618837 10010001 10000011
-122.238253 35.57669 00000110 00010100
-72.435835 40.61484 11101010 11101100
-74.927633 34.529276 11100110 10111100
-124.457074 27.551119 00000001 00000001
-98.288559 26.313374 01110000 00101010
-120.654428 46.28364 00011110 01010110
-94.262434 46.358455 10001110 11010100
-82.010385 34.803665 11000110 10110100
-95.93851 42.803931 10001011 11000101
-109.108264 42.667259 01001011 01100101
-69.641462 45.487688 11111101 11111011
-82.297162 35.77802 11000111 10110101
-90.821496 32.064831 10010100 10010010
-123.487044 41.141792 00001010 01000100
-117.416267 26.643557 00100000 00001000
-83.607727 45.426652 10111101 11011011
-102.200283 45.013379 01101101 01111001
-114.543364 30.197552 00100011 00001101
-123.676089 43.920244 00001100 01010000
-121.043325 26.679794 00010000 00000010
-73.959902 25.865572 11100000 10101000
-82.8865 38.790144 10111001 11001011
-111.037114 38.264628 00111000 01001010
-101.978035 40.326254 01101010 01101100
-70.924749 28.276435 11110001 10101011
-110.949269 47.718412 00111111 01011111
-97.039734 44.722361 01111101 01111011
-107.786751 44.176037 01001100 01110000
-76.380792 34.71917 11010110 10110110
-78.782915 37.796543 11011000 11100010
-110.044443 42.45179 01001011 01100101
-70.317939 36.668536 11110111 10111111
-92.040079 41.00522 10011010 11000110
-101.23503 34.702689 01100110 00111100
-87.064867 44.095916 10101100 11011000
-122.628988 30.557816 00000011 00000101
-80.028075 27.186213 11000001 10100001
-88.629698 47.377502 10101111 11011101
-76.120153 46.841321 11011110 11110110
-74.936344 34.323431 11100101 10111001
-75.706633 27.060144 11010000 10100010
-96.286982 47.034424 10001110 11010100
-107.50181 44.476574 01001101 01110001
-111.107999 33.057953 00110101 00011011
-87.741541 43.547934 10101100 11011000
-121.353617 45.93107 00001110 01010100
-75.950284 39.030931 11011001 11100011
-109.462601 45.309558 01001101 01110001
-74.320905 34.769719 11100110 10111100
-104.822348 46.862037 01011110 01110110
-102.58635 40.665672 01101010 01101100
-75.746232 44.527961 11011101 11110011
-77.878298 30.749739 11010011 10100111
-121.866333 41.728216 00001011 01000101
-102.763839 37.872849 01101000 01101000
-75.344331 44.88409 11101101 11111001
-81.060232 46.78823 11001110 11110100
-94.442548 31.182052 10000011 10000101
-69.465103 40.475765 11111010 11101110
-104.321014 31.763336 01010100 00110010
-68.563244 31.13862 11110011 10101111
-100.475228 44.190104 01101100 01111000
-99.860575 40.065123 01111001 01101011
-111.54328 33.158428 00110101 00011011
-86.517793 36.735099 10100111 10011101
-88.155324 34.802822 10100110 10011100
-104.811557 38.14615 01011000 01100010
-84.29571 44.609313 10111101 11011011
-103.864044 47.44646 01011111 01110111
-78.400044 35.570541 11010110 10110110
-108.083333 35.847307 01000111 00110101
-77.014779 34.330787 11010110 10110110
-85.450947 37.354685 10111000 11001010
-93.69487 31.466598 10000100 10010000
-120.717179 48.293619 00011111 01010111
-70.675878 29.072588 11110010 10101110
-73.233933 37.781668 11101000 11101000
-105.63741 38.605617 01011000 01100010
-105.448164 43.641706 01011100 01110010
-108.339411 27.164903 01000001 00100001
-107.707725 33.64873 01000101 00110001
-114.807251 38.3002 00101000 01001000
-92.767884 38.257085 10011000 11000010
-109.65146 30.062676 01000011 00100101
-110.397619 40.71889 01001010 01100100
-83.876738 36.873651 10110111 10011111
-111.77377 27.340957 00110001 00001011
-85.613895 35.794457 10110111 10011111
-106.851488 28.504107 01010001 00100011
-83.327236 45.384163 10111101 11011011
-104.300626 38.882074 01011001 01100011
-117.397224 27.97073 00100001 00001001
-96.353581 45.816103 10001110 11010100
-75.200385 38.678983 11101001 11101001
-98.224105 48.071605 01111111 01111111
-70.46671 41.406234 11111010 11101110
-91.841795 36.841133 10010111 10010111
-102.710773 41.154464 01101010 01101100
-115.870601 30.410677 00100011 00001101
-116.260076 37.28253 00101000 01001000
-116.344201 34.608077 00100110 00011100
-121.786848 29.717372 00000010 00000100
-76.509944 43.233649 11011100 11110010
-86.993852 47.2501 10101111 11011101
-80.597043 45.699712 11001101 11110001
-77.765745 42.56132 11011011 11100111
-110.593862 32.832935 01000100 00110000
-97.634181 44.509658 01111101 01111011
-84.173719 48.598638 10111111 11011111
-115.852956 47.909603 00101111 01011101
-105.759002 32.575742 01010100 00110010
-92.606555 37.92651 10011000 11000010
-119.299965 29.364743 00010010 00000110
-111.723825 44.652228 00111101 01011011
-119.905009 31.821412 00010100 00010010
-68.447021 34.617851 11110110 10111110
-72.432206 31.662956 11100100 10111000
-75.125062 45.263359 11101101 11111001
-110.71079 40.737564 01001010 01100100
-122.651494 39.060373 00001001 01000001
-87.768459 45.462662 10101101 11011001
-94.510141 39.696832 10001001 11000001
-72.910034 43.265703 11101100 11111000
-88.245731 39.28349 10101001 11001001
-99.693909 26.961573 01110000 00101010
-89.602758 34.313831 10010101 10010011
-69.928043 42.147474 11111011 11101111
-69.125283 29.797391 11110010 10101110
-72.441278 30.229769 11100011 10101101
-118.048061 32.00617 00010100 00010010
-77.550126 27.926321 11010001 10100011
-89.723313 31.19796 10010011 10000111
-92.5659 27.847377 10010001 10000011
-96.809349 34.693113 01110110 00111110
-99.788895 33.169313 01110101 00111011
-124.421146 40.570937 00001010 01000100
-93.421172 42.463484 10001011 11000101
-114.156426 26.283096 00110000 00001010
-86.277957 39.622396 10101001 11001001
-110.356349 45.680867 01001101 01110001
-103.726654 28.411063 01010001 00100011
-81.363896 30.244218 11000011 10100101
-115.670556 43.514907 00101100 01011000
-76.957104 39.265564 11011001 11100011
-108.621988 34.544053 01000110 00110100
-96.182042 41.995683 10001011 11000101
-92.150586 31.338017 10010011 10000111
-77.107905 43.716453 11011100 11110010
-117.160432 44.047105 00101100 01011000
-91.985583 37.984408 10011000 11000010
-95.956264 42.506127 10001011 11000101
-102.688691 41.593695 01101011 01101101
-71.940924 26.377112 11100000 10101000
-107.409455 28.241931 01000001 00100001
-119.333817 35.737821 00010110 00010110
-83.160484 46.98418 10111110 11011110
-116.014265 38.960339 00101001 01001001
-77.478028 28.432895 11010001 10100011
-92.587925 46.074621 10011110 11010110
-79.080614 37.326189 11001000 11100000
-91.221358 47.779252 10011111 11010111
-97.115922 41.702989 01111011 01101111
-106.84474 41.108168 01011010 01100110
-100.537008 47.512467 01101111 01111101
-112.175459 47.837543 00111111 01011111
-95.079244 39.80068 10001001 11000001
-79.916318 47.006913 11001110 11110100
-93.839762 41.854097 10001011 11000101
-95.035449 47.519248 10001111 11010101
-100.786075 45.310864 01101101 01111001
-109.802245 38.021451 01001000 01100000
-95.874097 27.274981 10000001 10000001
-105.511724 26.615601 01010000 00100010
-72.042614 30.30604 11100011 10101101
-115.642598 39.866806 00101001 01001001
-108.863808 37.003094 01000111 00110101
-101.12927 41.882562 01101011 01101101
-124.671893 46.274788 00001110 01010100
-96.329967 28.640652 10000010 10000100
-87.492761 38.2885 10101000 11001000
-96.362636 29.676062 10000010 10000100
-98.325374 29.335754 01110010 00101110
-84.920709 27.266667 10110001 10001011
-121.63653 30.180186 00000011 00000101
-71.06885 46.30479 11111110 11111110
-82.913136 34.46068 10110110 10011110
-75.674708 26.031671 11010000 10100010
-120.552175 46.835562 00011110 01010110
-90.925178 30.175353 10010011 10000111
-119.956731 28.347112 00010001 00000011
-95.701546 37.726431 10001000 11000000
-114.595362 30.230338 00100011 00001101
-76.037844 28.485532 11010001 10100011
-121.283664 37.779379 00011000 01000010
-90.379301 30.652098 10010011 10000111
-122.92251 32.184016 00000100 00010000
-81.625133 38.267373 11001000 11100000
-95.860274 45.891555 10001110 11010100
-88.903819 30.306517 10100011 10001101
-87.624941 42.743402 10101011 11001101
-69.618477 35.253759 11110110 10111110
-119.312393 42.712723 00011011 01000111
-100.58827 45.840101 01101110 01111100
-99.652051 31.941312 01110100 00111010
-83.613975 29.1793 10110010 10001110
-81.989935 25.877311 11000000 10100000
-99.384486 26.358895 01110000 00101010
-115.088077 32.498975 00100100 00011000
-77.40464 30.987657 11010011 10100111
-91.514393 39.206224 10011001 11000011
-114.007486 39.074403 00111001 01001011
-90.976224 38.660993 10011001 11000011
-124.584914 25.791919 00000000 00000000
-88.680474 37.90804 10101000 11001000
-99.185745 33.477097 01110101 00111011
-71.661989 36.187274 11110111 10111111
-70.9794 47.79006 11111111 11111111
-81.385147 41.425892 11001010 11100100
-108.506569 37.168273 01000111 00110101
-97.049264 48.564651 01111111 01111111
-70.951994 42.93685 11111011 11101111
-108.951572 36.82635 01000111 00110101
-94.948005 44.562483 10001101 11010001
-72.067368 40.017493 11101001 11101001
-81.411311 35.912428 11000111 10110101
-108.618528 33.502528 01000101 00110001
-72.585894 43.946164 11101100 11111000
-101.830843 40.657562 01101010 01101100
-121.465719 42.810438 00001011 01000101
-78.768321 29.316925 11010010 10100110
-118.450497 33.134495 00010101 00010011
-108.683217 46.544802 01001110 01110100
-74.496274 26.113868 11100000 10101000
-93.272795 47.808012 10001111 11010101
-78.588933 25.992861 11010000 10100010
-88.015129 37.791264 10101000 11001000
-68.447647 33.675956 11110101 10111011
-82.099039 31.037371 11000011 10100101
-74.684232 32.550678 11100100 10111000
-73.631928 25.725162 11100000 10101000
-114.599957 26.904328 00100000 00001000
-119.249435 37.752259 00011000 01000010
-119.594679 34.041491 00010101 00010011
-90.536429 39.436671 10011001 11000011
-110.375225 36.294602 01000111 00110101
-80.683602 30.435309 11000011 10100101
-76.897603 47.983387 11011111 11110111
-92.596383 48.18988 10011111 11010111
-84.633011 27.165347 10110001 10001011
-83.528112 39.779996 10111001 11001011
-105.960484 27.952502 01010001 00100011
-95.640721 35.147918 10000110 10010100
-99.125597 38.771564 01111001 01101011
-75.640368 43.328339 11011100 11110010
-72.744388 38.128998 11101000 11101000
-121.301863 31.585204 00010100 00010010
-83.30126 43.939838 10111100 11011010
-84.001155 45.362963 10111101 11011011
-120.342095 35.63388 00010110 00010110
-87.751708 37.790534 10101000 11001000
-90.507821 43.275359 10011100 11010010
-122.321821 26.47538 00000000 00000000
-98.459135 48.572717 01111111 01111111
-118.594545 29.66509 00010010 00000110
-116.27718 46.071196 00101110 01011100
-111.261218 43.210512 00111100 01011010
-110.287511 41.573903 01001011 01100101
-79.420123 35.408738 11000110 10110100
-71.870833 38.18208 11101000 11101000
-115.068439 44.321405 00101100 01011000
-106.68668 33.176277 01010101 00110011
-114.941463 47.052399 00101110 01011100
-117.536649 26.55935 00100000 00001000
-85.892289 31.51193 10110100 10011010
-107.710061 40.08515 01001010 01100100
-115.291615 41.998553 00101011 01001101
-122.351452 33.558905 00000101 00010001
-93.342153 32.184819 10000100 10010000
-110.603583 31.166278 01000011 00100101
-103.613661 45.192792 01101101 01111001
-77.782225 42.828687 11011011 11100111
-80.090172 35.474218 11000110 10110100
-69.439148 27.948802 11110001 10101011
-113.681323 42.693048 00111011 01001111
-96.42345 27.994675 10000001 10000001
-108.607849 43.941073 01001100 01110000
-71.047857 41.038932 11111010 11101110
-120.454769 29.762054 00010010 00000110
-99.323249 26.874666 01110000 00101010
-95.498675 33.337092 10000101 10010001
-116.860785 38.481759 00101000 01001000
-74.378909 48.082575 11101111 11111101
-114.611396 33.206494 00100101 00011001
-92.151044 40.337122 10011010 11000110
-71.199047 40.73661 11111010 11101110
-71.604726 46.617937 11111110 11111110
-69.435838 45.887942 11111110 11111110
-113.368683 44.35128 00111100 01011010
-70.750654 26.171767 11110000 10101010
-91.781253 41.690922 10011011 11000111
-74.749232 35.915553 11100111 10111101
-93.271396 48.56341 10001111 11010101
-120.626861 35.025086 00010110 00010110
-99.571662 33.984208 01110101 00111011
-101.644317 45.802008 01101101 01111001
-100.219628 40.708791 01101010 01101100
-106.389182 36.979264 01010111 00110111
-107.689465 46.815624 01001110 01110100
-118.533232 34.906513 00010110 00010110
-111.166517 36.352604 00110111 00011111
-104.951047 39.71377 01011001 01100011
-113.141857 35.595736 00110110 00011110
-106.875938 45.497812 01011101 01110011
-90.823359 40.279676 10011010 11000110
-94.99012 48.491881 10001111 11010101
-116.339917 39.326444 00101001 01001001
-68.653608 44.249032 11111100 11111010
-88.041452 44.097125 10101100 11011000
-100.211728 32.957806 01100101 00111001
-92.203084 44.854543 10011101 11010011
-68.421218 32.333665 11110100 10111010
-116.588105 30.658597 00100011 00001101
-107.418026 41.36953 01001010 01100100
-105.119959 35.998725 01010111 00110111
-82.547626 28.314996 10110001 10001011
-107.440548 44.593962 01001101 01110001
-68.325331 47.448224 11111111 11111111
-104.264478 42.152598 01011011 01100111
-90.13648 32.862333 10010100 10010010
-72.863158 46.919555 11101110 11111100
-70.716999 42.312977 11111011 11101111
-75.646017 27.548683 11010001 10100011
-113.567743 38.587751 00111000 01001010
-91.864619 39.452634 10011001 11000011
-86.605111 31.74051 10100100 10011000
-87.281905 35.224382 10100110 10011100
-122.157006 34.362896 00000110 00010100
-113.92419 42.096705 00111011 01001111
-119.546222 45.326864 00011101 01010011
-79.540667 28.520448 11000001 10100001
-114.314305 46.996102 00101110 01011100
-90.747479 34.05558 10010101 10010011
-99.422054 33.545513 01110101 00111011
-118.43344 32.988817 00010101 00010011
-103.22129 35.797706 01100111 00111101
-112.693506 45.070396 00111101 01011011
-114.134272 45.381636 00111101 01011011
-75.897977 39.531139 11011001 11100011
-72.793907 32.904004 11100101 10111001
-84.96272 44.059895 10111100 11011010
-90.290624 46.098414 10011110 11010110
-119.777785 26.907436 00010000 00000010
-112.581559 30.16127 00110011 00001111
-104.026399 26.654042 01010000 00100010
-121.542258 33.818434 00000101 00010001
-82.462118 44.713768 10111101 11011011
-89.890301 36.711028 10010111 10010111
-87.641515 39.493548 10101001 11001001
-86.945988 35.973511 10100111 10011101
-88.332257 36.657639 10100111 10011101
-110.326087 47.521371 01001111 01110101
-107.120952 25.98789 01010000 00100010
-77.153229 40.291378 11011010 11100110
-116.215249 35.115826 00100110 00011100
-69.8985 36.586041 11110111 10111111
-118.358282 36.861935 00010111 00010111
-77.014923 33.273686 11010101 10110011
-112.796483 29.984049 00110010 00001110
-75.962196 26.263117 11010000 10100010
-85.607532 38.432977 10111000 11001010
-111.884671 36.13515 00110111 00011111
-84.106413 31.583326 10110100 10011010
-109.890049 38.926896 01001001 01100001
-122.980249 27.095582 00000000 00000000
-124.128073 33.041452 00000101 00010001
-104.183494 37.690666 01011000 01100010
-95.786077 43.824701 10001100 11010000
-110.539244 44.790572 01001101 01110001
-73.33477 48.116178 11101111 11111101
-110.096034 40.461227 01001010 01100100
-112.582716 43.81703 00111100 01011010
-123.722482 30.152535 00000011 00000101
-111.189816 36.750496 00110111 00011111
-115.649489 32.443747 00100100 00011000
-105.212172 42.739367 01011011 01100111
-98.169562 39.087346 01111001 01101011
-94.25135 33.291447 10000101 10010001
-72.577722 41.979264 11101011 11101101
-76.374633 34.878675 11010110 10110110
-77.417272 44.503968 11011101 11110011
-108.138128 40.151546 01001010 01100100
-75.107823 41.658116 11101011 11101101
-110.06073 31.202408 01000011 00100101
-121.618197 32.763067 00000100 00010000
-85.6482 36.214033 10110111 10011111
-111.824476 48.022563 00111111 01011111
-68.305749 33.811296 11110101 10111011
-94.431462 33.006521 10000101 10010001
-83.426012 32.167601 10110100 10011010
-117.211752 28.680685 00100010 00001100
-111.886678 43.287691 00111100 01011010
-74.024296 41.811079 11101011 11101101
-92.855865 29.899372 10010010 10000110
-117.437456 42.021438 00101011 01001101
-116.732897 35.938779 00100111 00011101
-71.749809 46.466086 11111110 11111110
-98.053788 29.334685 01110010 00101110
-83.597006 47.000038 10111110 11011110
-80.258807 45.540943 11001101 11110001
-106.778844 46.193736 01011110 01110110
-99.316346 42.189061 01111011 01101111
-96.941411 32.91131 01110101 00111011
-76.558738 39.334769 11011001 11100011
-100.142661 40.641899 01101010 01101100
-69.275884 38.202372 11111000 11101010
-85.453422 29.415075 10110010 10001110
-74.353478 28.361286 11100001 10101001
-82.746965 31.451543 10110011 10001111
-112.732623 26.353118 00110000 00001010
-86.390834 47.382513 10101111 11011101
-71.692923 41.276621 11111010 11101110
-104.648892 27.808741 01010001 00100011
-101.314475 27.617188 01100001 00101001
-103.029557 26.996982 01100000 00101000
-92.688335 43.938986 10011100 11010010
-118.957954 44.401225 00011101 01010011
-108.861035 43.111355 01001100 01110000
-117.460908 28.207065 00100001 00001001
-124.316927 42.316545 00001011 01000101
-106.591756 38.22846 01011000 01100010
-102.311557 44.496211 01101101 01111001
-91.64868 41.555203 10011011 11000111
-121.252278 27.172429 00010001 00000011
-90.781686 39.765308 10011001 11000011
-73.270277 40.63401 11101010 11101100
-118.761015 48.616842 00011111 01010111
-113.319261 35.08892 00110110 00011110
-104.046998 38.777003 01011001 01100011
-109.342635 38.171641 01001000 01100000
-68.707662 48.219342 11111111 11111111
-100.354169 45.706952 01101101 01111001
-87.171045 35.383092 10100110 10011100
-84.247119 40.895371 10111010 11001110
-124.347923 40.999395 00001010 01000100
-114.741349 29.627727 00100010 00001100
-81.699822 30.628226 11000011 10100101
-69.023001 43.756008 11111100 11111010
-94.770794 29.48543 10000010 10000100
-82.350745 45.997726 11001110 11110100
-113.479864 42.740182 00111011 01001111
-82.885406 30.42594 10110011 10001111
-72.889294 35.640508 11100110 10111100
-87.547865 34.886128 10100110 10011100
-80.889889 48.281437 11001111 11110101
-71.038957 48.415689 11111111 11111111
-104.319649 31.583813 01010100 00110010
-102.480519 28.673954 01100010 00101100
-97.556201 26.30261 01110000 00101010
-94.220759 30.760684 10000011 10000101
-108.142968 27.382034 01000001 00100001
-117.836715 36.746788 00010111 00010111
-76.697443 40.640813 11011010 11100110
-93.428212 41.692393 10001011 11000101
-93.558169 30.060949 10000011 10000101
-119.862338 30.211985 00010011 00000111
-108.685574 36.03044 01000111 00110101
-120.956666 48.617414 00011111 01010111
-69.915532 40.96486 11111010 11101110
-99.904329 41.524967 01111011 01101111
-73.959361 34.071411 11100101 10111001
-115.444892 44.661093 00101101 01011001
-83.145742 40.391629 10111010 11001110
-88.573702 28.732249 10100010 10001100
-118.821295 42.977609 00011100 01010010
-105.752362 48.026661 01011111 01110111
-76.644225 29.76787 11010010 10100110
-95.580819 30.001413 10000010 10000100
-84.170041 41.297561 10111010 11001110
-81.324204 33.309399 11000101 10110001
-108.562938 42.291582 01001011 01100101
-91.376719 35.302273 10010110 10010110
-92.957549 47.312165 10011111 11010111
-117.498 46.435573 00101110 01011100
-124.682196 29.402744 00000010 00000100
-108.753721 40.297109 01001010 01100100
-83.86265 35.670646 10110110 10011110
-89.692597 44.798428 10011101 11010011
-80.473464 27.207746 11000001 10100001
-114.917205 40.630682 00101010 01001100
-105.97444 46.090576 01011110 01110110
-110.470117 29.077188 01000010 00100100
-124.341564 28.5947 00000010 00000100
-92.00406 29.375348 10010010 10000110
-97.51527 40.426753 01111010 01101110
-93.842734 25.943225 10000000 10000000
-79.080337 47.761569 11001111 11110101
-106.449496 44.078256 01011100 01110010
-112.535697 28.131774 00110001 00001011
-119.277643 47.791452 00011111 01010111
-80.635754 36.23592 11000111 10110101
-82.548387 41.58859 10111011 11001111
-81.086623 43.735737 11001100 11110000
-81.906274 45.648953 11001101 11110001
-104.157536 38.809501 01011001 01100011
-89.008205 30.122524 10100011 10001101
-114.445633 31.254659 00100011 00001101
-96.994496 26.308566 01110000 00101010
-112.512898 48.234874 00111111 01011111
-124.135578 46.920956 00001110 01010100
-117.117958 30.355281 00100011 00001101
-107.041959 28.652423 01010010 00100110
-99.449625 35.446103 01110110 00111110
-97.798451 38.80426 01111001 01101011
-97.351573 27.236214 01110001 00101011
-117.89207 40.169523 00011010 01000110
-103.419896 37.001331 01100111 00111101
-70.18779 34.77072 11110110 10111110
-116.416184 35.943075 00100111 00011101
-89.594615 34.293676 10010101 10010011
-93.802892 40.771595 10001010 11000100
-82.617836 45.982336 10111110 11011110
-113.30629 25.800925 00110000 00001010
-123.868266 30.510521 00000011 00000101
-120.257775 46.208004 00011110 01010110
-85.109281 36.029067 10110111 10011111
-74.943223 43.939854 11101100 11111000
-91.413826 42.415636 10011011 11000111
-117.445551 42.410001 00101011 01001101
-76.770106 41.118421 11011010 11100110
-79.172369 36.659403 11000111 10110101
-77.483317 29.991539 11010010 10100110
-120.095444 42.767785 00011011 01000111
-99.592219 27.60329 01110001 00101011
-109.226033 33.064932 01000101 00110001
-107.006851 28.923439 01010010 00100110
-103.672616 39.325175 01011001 01100011
-69.799019 29.903343 11110010 10101110
-91.873869 39.713811 10011001 11000011
-68.591132 32.376524 11110100 10111010
-110.001856 33.626802 01000101 00110001
-83.9206 46.807649 10111110 11011110
-102.038586 29.793126 01100010 00101100
-100.013933 39.651527 01111001 01101011
-85.23893 38.107729 10111000 11001010
-82.598091 39.341208 10111001 11001011
-122.992518 27.407262 00000001 00000001
-77.201443 44.23237 11011100 11110010
-100.045982 41.885335 01111011 01101111
-102.586079 44.810812 01101101 01111001
-77.729284 25.924672 11010000 10100010
-93.764036 45.841571 10001110 11010100
-75.033669 29.590169 11100010 10101100
-80.320487 47.854634 11001111 11110101
-91.80949 28.141685 10010001 10000011
-99.836424 36.008798 01110111 00111111
-80.944746 47.858297 11001111 11110101
-118.157811 47.756196 00011111 01010111
-91.867704 40.576291 10011010 11000110
-110.519377 36.429357 01000111 00110101
-81.836767 31.302495 11000011 10100101
-80.147751 44.366441 11001100 11110000
-113.169842 48.402095 00111111 01011111
-87.322591 43.831667 10101100 11011000
-73.893058 29.400464 11100010 10101100
-120.785271 28.40488 00010001 00000011
-103.698234 37.394984 01011000 01100010
-79.460033 27.075253 11000000 10100000
-75.221424 34.344779 11100110 10111100
-117.641048 35.552701 00100110 00011100
-79.810415 37.763308 11001000 11100000
-89.988334 35.903379 10010111 10010111
-116.164045 34.827375 00100110 00011100
-70.186518 45.432034 11111101 11111011
-115.942091 33.749662 00100101 00011001
-102.304161 39.147881 01101001 01101001
-95.708603 43.557473 10001100 11010000
-117.440326 32.941675 00100101 00011001
-101.790952 32.63937 01100100 00111000
-86.507325 36.035983 10100111 10011101
-88.516666 43.739351 10101100 11011000
-85.003944 41.741141 10111011 11001111
-116.555431 32.30448 00100100 00011000
-92.938955 38.701014 10011001 11000011
-69.543217 38.080548 11111000 11101010
-96.118588 34.305118 10000101 10010001
-85.388208 43.138616 10111100 11011010
-90.453839 37.812946 10011000 11000010
-68.68109 42.951135 11111100 11111010
-111.685479 31.207737 00110011 00001111