2000 2 C-Index Z-Index
-124.856329 -68.276771 X
25.726673 48.676488 Y
-104.157203 36.854235 01010111 00110111
-69.424433 37.909905 11111000 11101010
-118.83452 36.571771 00010111 00010111
-122.720697 47.385242 00001111 01010101
-124.270923 31.851302 00000100 00010000
-90.913944 43.065537 10011100 11010010
-72.43998 30.227759 11100011 10101101
-69.053623 28.840167 11110010 10101110
-89.760343 39.540356 10011001 11000011
-90.141167 42.280182 10011011 11000111
-69.326314 41.208266 11111010 11101110
-105.149467 41.19837 01011010 01100110
-117.92705 46.151165 00011110 01010110
-123.418639 26.868713 00000000 00000000
-103.447363 44.07947 01101100 01111000
-105.841775 44.729814 01011101 01110011
-111.806662 30.908542 00110011 00001111
-70.809067 42.6876 11111011 11101111
-86.54376 34.768133 10100110 10011100
-93.399896 42.264122 10001011 11000101
-71.12511 45.751547 11111101 11111011
-85.799101 40.142745 10111010 11001110
-78.651506 43.115157 11011100 11110010
-124.268752 35.86323 00000111 00010101
-84.47048 42.563151 10111011 11001111
-69.894266 43.968832 11111100 11111010
-100.321398 29.026072 01100010 00101100
-91.50329 35.515658 10010110 10010110
-118.487843 31.001876 00010011 00000111
-90.190693 34.739655 10010110 10010110
-105.510487 28.803727 01010010 00100110
-114.425963 30.818936 00100011 00001101
-83.319522 29.506449 10110010 10001110
-74.956138 26.818051 11100000 10101000
-94.458209 33.537273 10000101 10010001
-95.920895 30.993394 10000011 10000101
-95.429405 30.102344 10000011 10000101
-74.619656 37.31791 11101000 11101000
-98.184908 40.832577 01111010 01101110
-85.383543 25.735043 10110000 10001010
-115.151301 31.841319 00100100 00011000
-90.780573 45.71241 10011101 11010011
-96.944299 33.145284 01110101 00111011
-85.112065 30.081469 10110011 10001111
-93.325703 26.882322 10000000 10000000
-122.904976 36.028369 00000111 00010101
-108.239874 34.040514 01000101 00110001
-86.413969 33.181752 10100101 10011001
-80.173465 37.877773 11001000 11100000
-95.823667 45.794688 10001101 11010001
-73.291901 40.191152 11101010 11101100
-98.88874 28.904871 01110010 00101110
-89.976643 32.573694 10010100 10010010
-69.085253 47.771175 11111111 11111111
-104.666154 37.910527 01011000 01100010
-100.3399 33.286091 01100101 00111001
-122.634017 44.758098 00001101 01010001
-82.527581 36.241711 10110111 10011111
-113.634881 41.336579 00111010 01001110
-110.19156 31.699169 01000100 00110000
-89.564465 42.529861 10011011 11000111
-123.024434 41.651193 00001011 01000101
-96.198908 30.903361 10000011 10000101
-70.554472 32.499907 11110100 10111010
-80.289419 37.451919 11001000 11100000
-99.926758 45.939018 01111110 01111110
-101.536974 32.188868 01100100 00111000
-113.557361 29.736697 00110010 00001110
-98.007885 38.057676 01111000 01101010
-107.989894 43.183859 01001100 01110000
-116.391962 47.281824 00101111 01011101
-82.717523 27.670903 10110001 10001011
-68.276771 26.18905 11110000 10101010
-89.615391 28.08958 10010001 10000011
-75.855217 40.038104 11011001 11100011
-104.613972 44.960391 01011101 01110011
-94.443714 38.476924 10001000 11000000
-93.934115 37.452108 10001000 11000000
-87.144968 29.104506 10100010 10001100
-85.394929 46.351564 10111110 11011110
-87.095795 35.46221 10100110 10011100
-84.380272 46.922491 10111110 11011110
-105.706742 40.759706 01011010 01100110
-120.177592 44.59911 00011101 01010011
-88.819198 30.49843 10100011 10001101
-102.171569 30.222398 01100011 00101101
-71.620079 44.407292 11111101 11111011
-104.524371 26.549639 01010000 00100010
-95.979673 35.357462 10000110 10010100
-79.480309 28.754763 11000010 10100100
-69.203141 26.239737 11110000 10101010
-98.186821 44.13795 01111100 01111010
-115.033446 44.199277 00101100 01011000
-108.715738 34.530513 01000110 00110100
-111.563145 28.204397 00110001 00001011
-81.280183 39.931176 11001001 11100001
-111.024371 41.420616 00111010 01001110
-117.57747 42.268325 00101011 01001101
-108.658349 47.978416 01001111 01110101
-94.940659 32.636624 10000100 10010000
-108.114253 30.405429 01000011 00100101
-87.823216 31.639757 10100100 10011000
-75.06794 46.345041 11101110 11111100
-90.124899 35.925115 10010111 10010111
-99.691589 40.741289 01111010 01101110
-95.396136 34.208436 10000101 10010001
-87.078924 45.299192 10101101 11011001
-81.186194 26.284016 11000000 10100000
-109.155862 26.982563 01000000 00100000
-106.13611 29.92916 01010010 00100110
-96.468446 43.605925 10001100 11010000
-94.919561 35.699729 10000110 10010100
-108.336012 27.889801 01000001 00100001
-87.810129 42.79253 10101011 11001101
-92.115145 30.36887 10010011 10000111
-109.217763 33.492003 01000101 00110001
-95.618009 27.652335 10000001 10000001
-124.071536 29.421231 00000010 00000100
-81.739891 41.599468 11001011 11100101
-84.778516 33.857581 10110101 10011011
-83.078715 26.610893 10110000 10001010
-103.147245 33.258005 01100101 00111001
-114.186075 36.467654 00110111 00011111
-100.832715 42.165087 01101011 01101101
-78.807545 29.349453 11010010 10100110
-109.136578 26.992249 01000000 00100000
-77.967296 35.012617 11010110 10110110
-115.432868 42.947729 00101100 01011000
-75.37193 47.833293 11011111 11110111
-93.709935 44.761832 10001101 11010001
-124.274757 45.667662 00001101 01010001
-76.604934 30.671263 11010011 10100111
-77.436215 27.783773 11010001 10100011
-89.518127 42.255416 10011011 11000111
-121.759131 34.913834 00000110 00010100
-107.309693 32.513425 01000100 00110000
-94.481245 32.179887 10000100 10010000
-69.181798 34.253568 11110101 10111011
-121.375489 25.938051 00000000 00000000
-104.620647 32.752973 01010100 00110010
-71.387544 35.23429 11110110 10111110
-101.740013 34.995995 01100110 00111100
-91.692405 47.456187 10011111 11010111
-86.366097 48.464022 10101111 11011101
-100.134788 37.642937 01101000 01101000
-89.841135 26.136948 10010000 10000010
-101.616891 29.671442 01100010 00101100
-81.652969 39.681239 11001001 11100001
-82.274773 39.549225 11001001 11100001
-85.227692 27.224942 10110001 10001011
-75.725768 34.725657 11010110 10110110
-124.598101 46.26701 00001110 01010100
-105.050155 42.971353 01011100 01110010
-72.149414 33.739353 11100101 10111001
-113.329837 35.71976 00110110 00011110
-124.787278 34.055685 00000101 00010001
-117.030738 35.806046 00100111 00011101
-102.06372 36.566277 01100111 00111101
-109.003058 48.051098 01001111 01110101
-71.976243 33.854308 11100101 10111001
-116.505117 29.422948 00100010 00001100
-117.5157 28.328142 00100001 00001001
-95.389484 26.747282 10000000 10000000
-73.408754 41.922027 11101011 11101101
-92.812262 38.120215 10011000 11000010
-114.092021 30.676242 00110011 00001111
-104.277147 40.711819 01011010 01100110
-119.589376 46.253347 00011110 01010110
-84.758636 44.504876 10111101 11011011
-79.931206 30.418576 11000011 10100101
-87.5913 41.415939 10101010 11001100
-96.437872 26.708931 10000000 10000000
-73.747101 30.775712 11100011 10101101
-120.144986 26.251842 00010000 00000010
-103.848978 44.230807 01011100 01110010
-106.695623 30.994717 01010011 00100111
-68.577789 25.980489 11110000 10101010
-73.753613 36.328432 11100111 10111101
-85.899485 38.543709 10111000 11001010
-84.042895 28.498149 10110001 10001011
-117.12376 30.330019 00100011 00001101
-83.647153 48.455224 10111111 11011111
-118.785307 42.908799 00011011 01000111
-111.329577 27.710838 00110001 00001011
-78.192429 43.052813 11011100 11110010
-99.646924 27.004821 01110000 00101010
-103.02832 36.330401 01100111 00111101
-73.409691 39.053674 11101001 11101001
-87.851582 45.585812 10101101 11011001
-85.477446 39.855358 10111001 11001011
-108.800841 35.535639 01000110 00110100
-95.667746 43.339672 10001100 11010000
-117.226476 32.39436 00100100 00011000
-122.064462 36.242167 00000111 00010101
-75.086862 30.715518 11100011 10101101
-95.28261 27.609205 10000001 10000001
-68.862719 26.684346 11110000 10101010
-104.044314 43.438885 01011100 01110010
-76.053032 43.893405 11011100 11110010
-98.723959 40.804091 01111010 01101110
-82.02335 41.980431 11001011 11100101
-106.352036 31.445301 01010011 00100111
-89.849365 29.623247 10010010 10000110
-77.79159 32.798918 11010100 10110010
-113.218221 38.142827 00111000 01001010
-112.150298 48.183085 00111111 01011111
-118.750478 40.145403 00011010 01000110
-77.648012 28.335595 11010001 10100011
-124.812627 25.939466 00000000 00000000
-75.386387 31.986642 11010100 10110010
-96.292251 40.235433 10001010 11000100
-90.338283 35.122319 10010110 10010110
-107.0868 46.482234 01011110 01110110
-90.696025 39.965172 10011001 11000011
-106.529917 46.597073 01011110 01110110
-69.516977 35.616777 11110110 10111110
-92.058062 31.096824 10010011 10000111
-118.316792 46.03064 00011110 01010110
-108.648383 35.942197 01000111 00110101
-120.78755 42.170544 00011011 01000111
-102.423658 28.168686 01100001 00101001
-111.111803 48.289334 00111111 01011111
-96.97528 46.846731 01111110 01111110
-86.185744 44.308922 10101100 11011000
-87.702852 36.647852 10100111 10011101
-100.031639 32.652146 01110100 00111010
-92.918839 27.245674 10010001 10000011
-93.227928 43.57792 10001100 11010000
-105.656437 29.707918 01010010 00100110
-114.866222 30.997228 00100011 00001101
-108.156372 42.209902 01001011 01100101
-102.792938 38.156891 01101000 01101000
-121.766365 46.443554 00001110 01010100
-107.594011 32.905757 01000101 00110001
-124.602145 45.044219 00001101 01010001
-83.630915 26.733082 10110000 10001010
-105.696539 47.182829 01011110 01110110
-79.628281 42.110318 11001011 11100101
-111.866181 41.745153 00111011 01001111
-90.177165 44.986077 10011101 11010011
-73.325933 28.400891 11100001 10101001
-108.795624 44.976596 01001101 01110001
-90.479301 34.233313 10010101 10010011
-110.601433 43.289635 01001100 01110000
-91.66635 34.711388 10010110 10010110
-115.534317 31.098184 00100011 00001101
-79.308075 32.630574 11000100 10110000
-83.90768 48.648985 10111111 11011111
-107.390851 36.35714 01000111 00110101
-113.767628 28.262679 00110001 00001011
-117.501733 28.834397 00100010 00001100
-109.435225 46.609837 01001110 01110100
-79.577104 35.454112 11000110 10110100
-77.46006 28.826616 11010010 10100110
-123.229621 29.324204 00000010 00000100
-98.687482 45.224698 01111101 01111011
-86.260271 28.482672 10100001 10001001
-78.881121 36.478598 11010111 10110111
-124.339447 43.803994 00001100 01010000
-117.5615 29.994434 00100010 00001100
-96.443679 44.039901 10001100 11010000
-76.209386 34.023426 11010101 10110011
-87.164698 30.035229 10100011 10001101
-78.928655 41.131081 11001010 11100100
-124.128729 27.676966 00000001 00000001
-79.792404 26.197515 11000000 10100000
-103.127358 43.248952 01101100 01111000
-119.31164 36.522086 00010111 00010111
-112.771657 41.969461 00111011 01001111
-87.850044 45.410431 10101101 11011001
-69.049422 36.366187 11110111 10111111
-118.748793 26.259904 00010000 00000010
-118.046263 34.693759 00010110 00010110
-77.763964 41.529721 11011011 11100111
-121.254244 28.925588 00010010 00000110
-115.78068 30.53842 00100011 00001101
-69.998637 33.087418 11110101 10111011
-72.407291 47.211093 11101110 11111100
-69.59865 45.050688 11111101 11111011
-95.110933 29.900124 10000010 10000100
-92.703585 29.314734 10010010 10000110
-117.409514 34.220119 00100101 00011001
-94.265878 45.964705 10001110 11010100
-122.416859 40.051269 00001001 01000001
-78.72334 26.810802 11010000 10100010
-74.618226 37.1353 11100111 10111101
-111.211635 41.307661 00111010 01001110
-107.630786 28.395654 01000001 00100001
-69.430347 33.101534 11110101 10111011
-81.898354 31.348263 11000011 10100101
-102.588322 46.331768 01101110 01111100
-122.417566 43.2298 00001100 01010000
-113.622199 37.398085 00111000 01001010
-104.892598 30.890055 01010011 00100111
-121.469744 29.075863 00000010 00000100
-104.690182 30.525184 01010011 00100111
-80.0032 29.2324 11000010 10100100
-98.461852 36.25256 01110111 00111111
-86.269199 38.660414 10101001 11001001
-103.057834 42.720248 01101011 01101101
-101.569238 35.461063 01100110 00111100
-93.865153 28.94906 10000010 10000100
-106.312543 47.251972 01011111 01110111
-117.679923 29.152679 00100010 00001100
-82.729098 46.029385 10111110 11011110
-69.351413 41.78608 11111011 11101111
-114.933757 40.009339 00101001 01001001
-118.131511 42.169036 00011011 01000111
-96.751006 46.343008 01111110 01111110
-86.577328 28.939975 10100010 10001100
-105.050887 34.915216 01010110 00110110
-77.298106 41.767645 11011011 11100111
-90.107285 27.401666 10010001 10000011
-71.976645 35.397172 11100110 10111100
-95.452941 39.958394 10001001 11000001
-79.140445 35.589843 11000110 10110100
-109.2211 44.430755 01001101 01110001
-92.392336 34.926196 10010110 10010110
-84.411277 34.474969 10110110 10011110
-96.038738 31.832273 10000100 10010000
-124.038424 38.003997 00001000 01000000
-75.073701 42.066135 11101011 11101101
-86.22088 32.407053 10100100 10011000
-95.692852 34.070795 10000101 10010001
-101.368291 33.27569 01100101 00111001
-124.573486 43.573447 00001100 01010000
-84.452362 32.940392 10110101 10011011
-105.898527 36.923003 01010111 00110111
-109.788636 47.318111 01001111 01110101
-120.34536 27.164208 00010001 00000011
-108.838419 38.356456 01001000 01100000
-77.267624 45.20678 11011101 11110011
-86.634861 40.989003 10101010 11001100
-100.324284 38.875738 01101001 01101001
-122.661934 33.617002 00000101 00010001
-103.328739 31.419763 01100011 00101101
-88.760375 35.707664 10100110 10011100
-123.907529 38.342347 00001000 01000000
-88.411697 25.72817 10100000 10001000
-124.290427 41.238469 00001010 01000100
-80.875681 41.768463 11001011 11100101
-106.920773 32.857914 01010100 00110010
-84.177128 37.446982 10111000 11001010
-88.555713 44.981971 10101101 11011001
-97.194413 45.672249 01111101 01111011
-79.091691 29.498286 11000010 10100100
-86.734898 28.518604 10100001 10001001
-109.385103 26.534577 01000000 00100000
-95.389099 26.893637 10000000 10000000
-110.447479 34.619325 01000110 00110100
-94.91476 32.426545 10000100 10010000
-74.015873 30.108417 11100011 10101101
-119.154268 36.976384 00010111 00010111
-69.632459 33.064009 11110101 10111011
-72.896125 38.266025 11101000 11101000
-118.24315 45.147404 00011101 01010011
-120.105925 40.79527 00011010 01000110
-93.857066 42.562769 10001011 11000101
-105.686943 26.36408 01010000 00100010
-69.711122 34.47624 11110110 10111110
-111.803268 30.28293 00110011 00001111
-110.706276 43.264436 01001100 01110000
-103.060268 27.556051 01100001 00101001
-122.675404 43.826633 00001100 01010000
-87.871845 26.518025 10100000 10001000
-68.757082 45.541732 11111101 11111011
-117.968705 26.160886 00010000 00000010
-108.937147 45.016895 01001101 01110001
-86.834763 41.919887 10101011 11001101
-104.131484 35.396338 01010110 00110110
-69.069609 34.589517 11110110 10111110
-74.199115 39.946858 11101001 11101001
-79.602824 42.732355 11001011 11100101
-70.36286 47.372348 11111111 11111111
-90.686056 33.334351 10010101 10010011
-80.693615 47.938948 11001111 11110101
-104.568735 30.246138 01010011 00100111
-123.291501 46.562188 00001110 01010100
-85.711779 36.842379 10110111 10011111
-120.79577 38.83301 00011001 01000011
-110.362898 41.947729 01001011 01100101
-117.708359 43.016181 00101100 01011000
-81.410168 39.363073 11001001 11100001
-83.114694 27.702519 10110001 10001011
-79.677151 33.882857 11000101 10110001
-97.217624 42.299447 01111011 01101111
-82.008658 36.713142 11000111 10110101
-69.337521 46.570681 11111110 11111110
-124.035968 36.246857 00000111 00010101
-107.057039 41.27797 01011010 01100110
-85.816939 33.146889 10110101 10011011
-73.750304 47.166737 11101110 11111100
-75.733575 44.638409 11011101 11110011
-99.871805 34.353095 01110110 00111110
-90.866633 29.76054 10010010 10000110
-88.568015 47.744805 10101111 11011101
-74.329372 35.444686 11100110 10111100
-101.694188 27.86827 01100001 00101001
-100.498221 38.617424 01101000 01101000
-68.724891 28.546556 11110001 10101011
-110.268353 36.586533 01000111 00110101
-115.970197 47.692685 00101111 01011101
-113.735111 37.233859 00111000 01001010
-105.471586 30.029779 01010011 00100111
-68.894912 44.178694 11111100 11111010
-108.761717 44.072814 01001100 01110000
-71.079705 45.482135 11111101 11111011
-91.094983 32.067265 10010100 10010010
-119.225476 27.201822 00010001 00000011
-121.495752 45.974768 00001110 01010100
-120.733853 45.779414 00011101 01010011
-88.01231 28.442997 10100001 10001001
-86.413076 42.647373 10101011 11001101
-117.61015 33.685458 00100101 00011001
-109.234803 46.38902 01001110 01110100
-73.354923 43.227613 11101100 11111000
-92.981039 29.228417 10010010 10000110
-114.324176 45.248168 00101101 01011001
-109.973424 47.510964 01001111 01110101
-110.34571 29.991775 01000010 00100100
-120.707149 42.251875 00011011 01000111
-84.61596 35.435024 10110110 10011110
-102.861124 32.009572 01100100 00111000
-74.686975 31.103716 11100011 10101101
-98.939612 33.349779 01110101 00111011
-112.429255 31.231396 00110011 00001111
-79.044588 34.812949 11000110 10110100
-101.234114 44.601797 01101101 01111001
-120.236032 37.489241 00011000 01000010
-101.250604 40.486697 01101010 01101100
-93.4875 30.987908 10000011 10000101
-84.025396 35.154738 10110110 10011110
-117.97022 29.645466 00010010 00000110
-122.983887 36.298897 00000111 00010101
-87.095467 39.695876 10101001 11001001
-124.426299 33.747072 00000101 00010001
-95.942856 25.749885 10000000 10000000
-119.056135 34.821393 00010110 00010110
-120.687319 34.768265 00010110 00010110
-80.823893 43.733973 11001100 11110000
-117.183003 35.622014 00100110 00011100
-71.523469 25.961587 11110000 10101010
-118.975331 37.616567 00011000 01000010
-101.253814 37.125688 01100111 00111101
-77.101478 42.706996 11011011 11100111
-119.199675 39.945318 00011001 01000011
-86.883854 43.55882 10101100 11011000
-105.685729 30.491736 01010011 00100111
-88.212524 35.435362 10100110 10011100
-118.978791 31.376082 00010011 00000111
-71.360783 46.775708 11111110 11111110
-78.899076 39.491329 11001001 11100001
-90.042222 28.903581 10010010 10000110
-71.962257 40.03694 11101001 11101001
-68.58606 38.987855 11111001 11101011
-78.866031 38.212948 11011000 11100010
-105.616729 39.285025 01011001 01100011
-82.272604 28.358056 11000001 10100001
-110.031593 47.553847 01001111 01110101
-96.084627 44.324079 10001100 11010000
-94.093456 38.00869 10001000 11000000
-92.744675 33.942842 10010101 10010011
-70.97414 39.312522 11111001 11101011
-109.284157 44.579618 01001101 01110001
-106.258168 41.258204 01011010 01100110
-112.549716 33.890274 00110101 00011011
-105.146802 41.612894 01011011 01100111
-98.752689 45.760512 01111101 01111011
-77.919762 39.564677 11011001 11100011
-111.646511 42.70276 00111011 01001111
-76.364185 31.250858 11010011 10100111
-98.175899 39.214213 01111001 01101011
-95.162384 27.177127 10000001 10000001
-73.262296 46.940006 11101110 11111100
-119.951042 47.605067 00011111 01010111
-117.759319 32.390396 00100100 00011000
-109.096335 44.919341 01001101 01110001
-114.086875 46.851417 00111110 01011110
-90.95591 37.665766 10011000 11000010
-87.508052 35.008741 10100110 10011100
-110.828052 28.950125 00110010 00001110
-83.473515 40.412472 10111010 11001110
-122.073307 42.910906 00001011 01000101
-114.074944 47.416188 00111111 01011111
-115.609547 27.38714 00100001 00001001
-71.427333 40.224395 11111010 11101110
-106.512961 34.77391 01010110 00110110
-72.386956 41.107062 11101010 11101100
-117.795389 43.90354 00011100 01010010
-93.092027 33.043537 10000101 10010001
-72.165872 27.366048 11100001 10101001
-71.407626 36.794167 11110111 10111111
-69.404355 32.257136 11110100 10111010
-81.377159 48.17641 11001111 11110101
-105.870656 35.53518 01010110 00110110
-76.697649 30.650629 11010011 10100111
-93.327227 33.81733 10000101 10010001
-78.119392 46.069812 11011110 11110110
-115.51195 46.117577 00101110 01011100
-109.632885 26.695711 01000000 00100000
-95.97399 28.089566 10000001 10000001
-91.835887 32.775385 10010100 10010010
-113.818775 41.410274 00111010 01001110
-88.486238 34.02366 10100101 10011001
-108.117226 40.363767 01001010 01100100
-109.292962 30.906282 01000011 00100101
-78.691974 37.464243 11011000 11100010
-95.270279 28.831412 10000010 10000100
-76.436455 44.228706 11011100 11110010
-95.845364 26.752249 10000000 10000000
-110.961019 29.832052 00110010 00001110
-116.633761 34.661008 00100110 00011100
-73.59247 45.917434 11101110 11111100
-99.344865 43.570463 01111100 01111010
-119.391242 43.429889 00011100 01010010
-78.85693 42.695732 11011011 11100111
-105.55353 42.605451 01011011 01100111
-86.408096 39.75213 10101001 11001001
-123.392001 35.62516 00000110 00010100
-106.831089 39.347788 01011001 01100011
-115.999837 41.39519 00101010 01001100
-95.324747 28.503898 10000001 10000001
-118.373665 40.198942 00011010 01000110
-101.578391 47.146468 01101110 01111100
-98.664318 34.301131 01110101 00111011
-121.155716 44.210734 00011100 01010010
-107.697686 45.789536 01001101 01110001
-119.900095 34.53022 00010110 00010110
-89.568464 33.462767 10010101 10010011
-100.524643 27.343104 01100001 00101001
-86.19517 29.531759 10100010 10001100
-106.719867 40.271343 01011010 01100110
-109.084759 38.255985 01001000 01100000
-96.917631 32.331594 01110100 00111010
-85.617083 30.046167 10110011 10001111
-85.97979 28.285952 10100001 10001001
-122.817517 27.807418 00000001 00000001
-94.357937 25.980792 10000000 10000000
-107.561341 27.306438 01000001 00100001
-111.363339 31.441353 00110011 00001111
-73.435953 36.546871 11100111 10111101
-121.862075 26.528722 00000000 00000000
-119.571705 44.783041 00011101 01010011
-75.311034 38.783319 11101001 11101001
-116.014423 30.918683 00100011 00001101
-112.011783 37.247139 00111000 01001010
-86.646258 27.520975 10100001 10001001
-100.421122 33.017814 01100101 00111001
-121.961919 40.459982 00001010 01000100
-94.781009 46.295737 10001110 11010100
-102.311012 32.191132 01100100 00111000
-87.845282 33.626274 10100101 10011001
-112.152191 26.678981 00110000 00001010
-118.345165 34.540414 00010110 00010110
-108.527562 25.832407 01000000 00100000
-109.724673 36.010429 01000111 00110101
-86.401467 42.76542 10101011 11001101
-86.675817 40.205242 10101010 11001100
-112.155275 44.719978 00111101 01011011
-104.315215 36.961381 01010111 00110111
-110.336868 27.633042 01000001 00100001
-75.54033 46.602112 11011110 11110110
-123.588384 31.656828 00000100 00010000
-101.756123 28.638717 01100010 00101100
-106.558259 27.846321 01010001 00100011
-105.91586 27.192614 01010001 00100011
-90.210367 45.741871 10011101 11010011
-108.477454 29.725886 01000010 00100100
-83.678855 30.89864 10110011 10001111
-80.476725 40.251291 11001010 11100100
-81.334404 26.567664 11000000 10100000
-72.441971 30.608734 11100011 10101101
-90.852725 33.311727 10010101 10010011
-78.043316 30.868726 11010011 10100111
-72.125516 28.039609 11100001 10101001
-115.680474 32.194043 00100100 00011000
-100.650404 36.014559 01100111 00111101
-94.054121 27.612481 10000001 10000001
-97.757721 39.209196 01111001 01101011
-77.494574 29.776628 11010010 10100110
-73.496871 32.757377 11100100 10111000
-121.363993 39.530364 00001001 01000001
-98.660615 25.966104 01110000 00101010
-115.563648 28.656868 00100010 00001100
-95.129283 35.085963 10000110 10010100
-72.313875 36.13727 11100111 10111101
-113.03191 30.298849 00110011 00001111
-79.032483 35.204082 11000110 10110100
-100.85664 35.292132 01100110 00111100
-109.937281 46.513678 01001110 01110100
-103.75425 39.311483 01011001 01100011
-105.537488 42.994793 01011100 01110010
-117.970767 29.154629 00010010 00000110
-106.483188 44.877749 01011101 01110011
-123.537507 45.069868 00001101 01010001
-121.647521 29.908701 00000010 00000100
-76.577744 45.154953 11011101 11110011
-104.9725 47.512479 01011111 01110111
-121.232771 30.480667 00010011 00000111
-94.551606 36.463783 10000111 10010101
-77.639562 38.581139 11011000 11100010
-108.318806 42.154262 01001011 01100101
-77.110253 39.593269 11011001 11100011
-87.763744 25.829005 10100000 10001000
-94.098673 35.847044 10000111 10010101
-108.556464 38.021316 01001000 01100000
-118.372996 47.473201 00011111 01010111
-112.303532 39.82286 00111001 01001011
-114.037089 35.027256 00110110 00011110
-91.143876 43.91178 10011100 11010010
-91.020524 33.582242 10010101 10010011
-79.144541 38.763265 11001001 11100001
-73.061619 30.034132 11100011 10101101
-69.833547 36.835188 11110111 10111111
-108.752095 48.51366 01001111 01110101
-75.095518 41.813585 11101011 11101101
-75.367356 26.989431 11010000 10100010
-101.864751 32.6558 01100100 00111000
-109.875652 30.574036 01000011 00100101
-80.105849 36.491812 11000111 10110101
-105.5261 37.654989 01011000 01100010
-97.430682 29.455786 01110010 00101110
-107.29177 43.608311 01001100 01110000
-81.180849 34.634038 11000110 10110100
-119.45788 31.220137 00010011 00000111
-90.277999 35.279799 10010110 10010110
-87.444402 47.98711 10101111 11011101
-90.788704 33.888998 10010101 10010011
-73.801493 46.859645 11101110 11111100
-81.985884 29.616915 11000010 10100100
-98.840686 48.478638 01111111 01111111
-109.525751 48.523294 01001111 01110101
-88.696641 35.64872 10100110 10011100
-101.025658 35.511273 01100110 00111100
-120.888574 31.024755 00010011 00000111
-93.533803 32.187518 10000100 10010000
-87.300235 38.435714 10101000 11001000
-69.242749 26.439753 11110000 10101010
-120.890621 41.188158 00011010 01000110
-119.319234 36.285781 00010111 00010111
-104.492333 42.185403 01011011 01100111
-84.030395 42.656885 10111011 11001111
-121.533404 27.379117 00000001 00000001
-106.831471 33.62819 01010101 00110011
-102.132158 46.065509 01101110 01111100
-106.479925 26.915971 01010000 00100010
-94.081916 48.609323 10001111 11010101
-118.444117 48.596958 00011111 01010111
-115.317075 30.856297 00100011 00001101
-76.660673 46.829879 11011110 11110110
-120.32568 40.659892 00011010 01000110
-114.380553 46.880196 00101110 01011100
-72.746001 37.820807 11101000 11101000
-82.055733 41.627085 11001011 11100101
-95.38088 36.204615 10000111 10010101
-94.565453 44.077376 10001100 11010000
-80.155352 37.021504 11000111 10110101
-81.756946 33.030284 11000101 10110001
-84.626487 42.870086 10111011 11001111
-95.430226 27.330284 10000001 10000001
-103.01473 43.226436 01101100 01111000
-120.297204 28.146492 00010001 00000011
-113.297524 38.374012 00111000 01001010
-84.534263 39.14038 10111001 11001011
-77.884719 33.814144 11010101 10110011
-83.475738 48.424945 10111111 11011111
-89.79305 34.753911 10010110 10010110
-85.43519 46.643641 10111110 11011110
-106.610443 37.135681 01010111 00110111
-98.855893 42.021075 01111011 01101111
-121.523261 30.562159 00000011 00000101
-77.667107 44.96903 11011101 11110011
-71.754234 29.774752 11110010 10101110
-119.36978 47.26785 00011111 01010111
-90.088605 48.584553 10011111 11010111
-68.707416 26.969499 11110000 10101010
-113.72942 39.204826 00111001 01001011
-124.232194 46.994923 00001110 01010100
-104.644101 37.804356 01011000 01100010
-113.497588 25.726673 00110000 00001010
-119.353727 39.36268 00011001 01000011
-86.577559 47.620915 10101111 11011101
-104.07539 39.64381 01011001 01100011
-113.184502 34.802702 00110110 00011110
-83.127151 43.578312 10111100 11011010
-108.099732 36.360539 01000111 00110101
-108.225448 38.331607 01001000 01100000
-71.464537 25.965251 11110000 10101010
-106.353965 26.213563 01010000 00100010
-77.821503 37.181063 11010111 10110111
-87.329088 31.862155 10100100 10011000
-124.507003 44.915039 00001101 01010001
-101.829415 42.320273 01101011 01101101
-82.035825 43.43935 11001100 11110000
-88.421027 30.574623 10100011 10001101
-107.4202 46.66882 01001110 01110100
-105.704062 39.608381 01011001 01100011
-104.405899 36.034521 01010111 00110111
-109.534062 38.911935 01001001 01100001
-110.614373 43.028325 01001100 01110000
-86.173734 44.338561 10101100 11011000
-100.774277 38.409893 01101000 01101000
-114.491629 40.409336 00101010 01001100
-74.14819 36.118683 11100111 10111101
-72.674171 35.297716 11100110 10111100
-86.811928 40.778798 10101010 11001100
-80.498363 45.82457 11001110 11110100
-79.357403 32.310007 11000100 10110000
-121.241776 43.231605 00011100 01010010
-98.114033 36.035548 01110111 00111111
-105.099016 34.995315 01010110 00110110
-97.648273 45.918423 01111110 01111110
-118.926726 26.106032 00010000 00000010
-73.757042 39.610945 11101001 11101001
-123.23743 43.325285 00001100 01010000
-92.444739 42.842458 10011011 11000111
-71.247422 31.055798 11110011 10101111
-102.066347 32.492491 01100100 00111000
-76.251543 36.892015 11010111 10110111
-108.689352 33.990535 01000101 00110001
-104.303674 41.97417 01011011 01100111
-70.448517 41.044896 11111010 11101110
-74.581977 43.909268 11101100 11111000
-79.310958 42.222902 11001011 11100101
-79.030671 45.899885 11001110 11110100
-69.697795 38.422793 11111000 11101010
-110.066215 25.786505 01000000 00100000
-76.896877 42.520713 11011011 11100111
-100.80624 28.022539 01100001 00101001
-87.784329 41.692618 10101011 11001101
-88.740039 37.396637 10101000 11001000
-75.720741 41.696696 11011011 11100111
-106.132505 40.158648 01011010 01100110
-116.143861 44.63566 00101101 01011001
-88.343904 47.85684 10101111 11011101
-76.947341 37.409934 11011000 11100010
-99.562603 44.6679 01111101 01111011
-104.524428 48.052642 01011111 01110111
-116.783953 33.212446 00100101 00011001
-122.804568 31.817043 00000100 00010000
-103.301505 28.293171 01100001 00101001
-86.957172 38.271757 10101000 11001000
-69.786367 39.70707 11111001 11101011
-94.675786 33.841902 10000101 10010001
-90.769203 36.972284 10010111 10010111
-73.096 43.284556 11101100 11111000
-95.995312 43.760613 10001100 11010000
-123.448421 30.548476 00000011 00000101
-123.182232 36.806102 00000111 00010101
-68.947335 32.192806 11110100 10111010
-81.37933 28.091088 11000001 10100001
-89.339073 35.719113 10100110 10011100
-104.27477 31.128525 01010011 00100111
-85.546596 48.369198 10111111 11011111
-121.906236 29.798796 00000010 00000100
-108.606631 27.1172 01000000 00100000
-68.977177 28.084572 11110001 10101011
-81.191764 30.159887 11000011 10100101
-117.872079 40.080563 00011010 01000110
-78.343854 34.557383 11010110 10110110
-123.919085 36.746357 00000111 00010101
-122.823999 42.293871 00001011 01000101
-88.120771 41.200803 10101010 11001100
-106.784183 47.098698 01011110 01110110
-117.094982 44.418464 00101101 01011001
-116.883633 39.87263 00101001 01001001
-110.35645 28.847207 01000010 00100100
-109.796079 43.522117 01001100 01110000
-114.181492 41.942716 00111011 01001111
-98.183883 39.972332 01111001 01101011
-76.011358 34.200427 11010101 10110011
-97.557033 41.648003 01111011 01101111
-120.906672 43.238183 00011100 01010010
-107.767582 44.947324 01001101 01110001
-120.187265 34.089287 00010101 00010011
-87.276704 33.178453 10100101 10011001
-100.550565 34.567191 01100110 00111100
-98.993728 35.111964 01110110 00111110
-102.093097 46.433368 01101110 01111100
-119.657784 44.585354 00011101 01010011
-80.700015 25.926567 11000000 10100000
-104.548264 36.420786 01010111 00110111
-94.756271 43.839522 10001100 11010000
-76.283906 31.773196 11010100 10110010
-117.679128 34.577771 00100110 00011100
-94.465244 26.340175 10000000 10000000
-80.679963 38.590314 11001000 11100000
-80.61544 36.07877 11000111 10110101
-71.851882 34.617555 11100110 10111100
-103.525451 26.343357 01100000 00101000
-92.247584 40.848097 10011010 11000110
-122.866665 38.398341 00001000 01000000
-108.232968 36.441668 01000111 00110101
-117.259897 29.053982 00100010 00001100
-109.493261 26.57093 01000000 00100000
-102.560093 37.033978 01100111 00111101
-103.243605 33.581607 01100101 00111001
-124.134025 40.679423 00001010 01000100
-113.790955 33.354157 00110101 00011011
-72.393068 46.310273 11101110 11111100
-124.185822 41.82792 00001011 01000101
-101.601643 27.140964 01100000 00101000
-96.366237 31.17415 10000011 10000101
-73.900204 45.213985 11101101 11111001
-80.800663 42.102073 11001011 11100101
-109.139523 48.53499 01001111 01110101
-82.248828 36.597149 11000111 10110101
-88.642119 42.976753 10101100 11011000
-92.786703 47.010403 10011110 11010110
-74.548199 31.199408 11100011 10101101
-108.187622 44.255255 01001100 01110000
-118.764395 27.093338 00010000 00000010
-93.4872 41.570935 10001011 11000101
-110.670639 43.153015 01001100 01110000
-96.532081 46.074454 10001110 11010100
-68.911944 42.932688 11111011 11101111
-93.239318 38.908702 10001001 11000001
-81.150641 48.09582 11001111 11110101
-92.335955 32.256721 10010100 10010010
-116.227011 47.370171 00101111 01011101
-92.960562 35.193522 10010110 10010110
-79.144836 36.444481 11000111 10110101
-114.010417 26.323632 00110000 00001010
-98.601982 31.502182 01110100 00111010
-95.026368 36.466271 10000111 10010101
-115.661865 48.089922 00101111 01011101
-97.052978 26.733284 01110000 00101010
-122.706327 26.561776 00000000 00000000
-118.096176 47.194457 00011110 01010110
-86.160525 33.18591 10100101 10011001
-123.792086 36.633407 00000111 00010101
-112.662671 47.748646 00111111 01011111
-75.619079 36.041762 11010111 10110111
-90.409624 44.470726 10011101 11010011
-122.097552 35.643592 00000110 00010100
-84.249146 47.039963 10111110 11011110
-107.288559 37.925967 01001000 01100000
-100.316238 33.785929 01100101 00111001
-104.935854 46.560907 01011110 01110110
-86.687946 43.517364 10101100 11011000
-119.390716 46.822968 00011110 01010110
-86.195278 38.857616 10101001 11001001
-75.242467 43.251205 11101100 11111000
-97.803497 43.264958 01111100 01111010
-81.846738 38.61316 11001000 11100000
-118.730886 28.383117 00010001 00000011
-68.286426 33.560091 11110101 10111011
-85.318987 34.066944 10110101 10011011
-85.403138 40.483117 10111010 11001110
-95.151719 27.507725 10000001 10000001
-69.631706 27.658866 11110001 10101011
-89.282824 37.767198 10101000 11001000
-111.281917 34.207357 00110101 00011011
-84.518785 42.663144 10111011 11001111
-70.283382 41.938136 11111011 11101111
-104.064507 27.844019 01010001 00100011
-115.549092 35.5451 00100110 00011100
-94.208769 40.005884 10001001 11000001
-94.29176 45.596483 10001101 11010001
-82.625155 45.770422 10111101 11011011
-79.722192 47.392094 11001111 11110101
-81.700267 25.876629 11000000 10100000
-72.944013 25.923864 11100000 10101000
-79.283386 32.675319 11000100 10110000
-70.851713 37.304907 11111000 11101010
-84.590323 26.66068 10110000 10001010
-113.496818 26.352103 00110000 00001010
-69.1476 40.484575 11111010 11101110
-107.520945 32.610591 01000100 00110000
-96.304615 43.434234 10001100 11010000
-76.05849 40.439672 11011010 11100110
-87.333092 27.919979 10100001 10001001
-101.283721 42.294476 01101011 01101101
-114.809273 36.883725 00100111 00011101
-108.371002 48.045613 01001111 01110101
-113.711332 32.278157 00110100 00011010
-90.827361 44.644689 10011101 11010011
-89.840649 47.718073 10011111 11010111
-84.504489 39.57717 10111001 11001011
-117.151127 27.575383 00100001 00001001
-69.015769 46.357547 11111110 11111110
-120.680224 33.97486 00010101 00010011
-69.350138 37.525921 11111000 11101010
-74.889385 45.033106 11101101 11111001
-90.46675 26.450164 10010000 10000010
-98.382529 45.532893 01111101 01111011
-82.025201 41.619528 11001011 11100101
-88.158858 43.48176 10101100 11011000
-115.354574 47.096393 00101110 01011100
-80.905619 29.783492 11000010 10100100
-103.772136 46.109083 01011110 01110110
-113.340829 31.406443 00110011 00001111
-117.797265 36.825394 00010111 00010111
-112.967471 39.204589 00111001 01001011
-112.066234 46.949977 00111110 01011110
-92.042118 39.162639 10011001 11000011
-119.579675 37.189969 00010111 00010111
-123.65957 33.978803 00000101 00010001
-72.931327 30.952749 11100011 10101101
-92.111202 27.14414 10010000 10000010
-115.010904 44.395956 00101101 01011001
-105.438925 42.907152 01011011 01100111
-99.326957 42.730213 01111011 01101111
-87.029147 39.493349 10101001 11001001
-85.244977 36.76826 10110111 10011111
-92.246429 30.498218 10010011 10000111
-83.140763 30.120501 10110011 10001111
-90.140089 46.358315 10011110 11010110
-120.81416 28.094423 00010001 00000011
-96.928834 45.097196 01111101 01111011
-106.908954 43.472032 01011100 01110010
-70.297627 38.804628 11111001 11101011
-79.434924 35.004129 11000110 10110100
-101.317404 38.690768 01101001 01101001
-84.862882 40.149212 10111010 11001110
-104.39636 29.398574 01010010 00100110
-88.884996 27.460295 10100001 10001001
-95.424117 46.356375 10001110 11010100
-68.429966 30.485134 11110011 10101111
-98.628294 44.894305 01111101 01111011
-90.877582 38.417474 10011000 11000010
-91.854679 46.765457 10011110 11010110
-102.548277 36.242946 01100111 00111101
-114.844595 45.837156 00101110 01011100
-114.124962 44.506187 00111101 01011011
-110.904312 32.035451 00110100 00011010
-114.476822 26.459075 00100000 00001000
-79.260779 27.893383 11000001 10100001
-102.068383 38.626049 01101000 01101000
-114.502057 47.342073 00101111 01011101
-113.326462 29.661179 00110010 00001110
-87.530772 41.999376 10101011 11001101
-109.612313 26.229871 01000000 00100000
-102.794882 43.456489 01101100 01111000
-108.274929 41.823046 01001011 01100101
-87.739169 31.061751 10100011 10001101
-90.420855 39.610838 10011001 11000011
-113.535074 43.112235 00111100 01011010
-106.709763 39.641004 01011001 01100011
-99.512168 36.167534 01110111 00111111
-113.765794 47.740619 00111111 01011111
-96.522509 34.786141 10000110 10010100
-104.234952 25.773011 01010000 00100010
-87.625547 40.179104 10101010 11001100
-112.101175 37.628043 00111000 01001010
-120.367341 34.18579 00010101 00010011
-107.537729 46.701839 01001110 01110100
-76.021374 39.404394 11011001 11100011
-72.529187 40.704756 11101010 11101100
-69.222403 35.383461 11110110 10111110
-89.559773 29.510671 10010010 10000110
-120.162323 40.887067 00011010 01000110
-98.664693 36.408626 01110111 00111111
-109.97565 27.411148 01000001 00100001
-100.036038 45.865435 01111110 01111110
-87.672874 42.340535 10101011 11001101
-77.990605 48.482796 11011111 11110111
-96.078421 40.571342 10001010 11000100
-71.686422 36.946041 11110111 10111111
-93.456069 32.92888 10000101 10010001
-114.438419 48.204423 00101111 01011101
-117.847363 44.788497 00011101 01010011
-116.306869 48.417361 00101111 01011101
-103.814917 46.480176 01011110 01110110
-106.34235 42.557645 01011011 01100111
-102.651548 47.266544 01101111 01111101
-88.619773 26.455077 10100000 10001000
-97.766755 28.654163 01110010 00101110
-110.480463 36.982506 01000111 00110101
-68.928296 44.925259 11111101 11111011
-115.831475 47.374286 00101111 01011101
-121.535743 32.439732 00000100 00010000
-95.098337 40.433152 10001010 11000100
-82.569567 36.435126 10110111 10011111
-101.256543 29.049522 01100010 00101100
-121.780582 45.928197 00001110 01010100
-121.156147 41.461451 00011010 01000110
-114.270366 44.75813 00101101 01011001
-117.39763 36.476351 00100111 00011101
-104.1153 38.925283 01011001 01100011
-109.959646 30.503313 01000011 00100101
-97.634101 31.673613 01110100 00111010
-108.839895 45.941914 01001110 01110100
-124.74971 42.415546 00001011 01000101
-80.65872 32.302712 11000100 10110000
-106.174943 45.385654 01011101 01110011
-68.535744 40.442006 11111010 11101110
-110.743093 26.640879 00110000 00001010
-111.173949 42.082897 00111011 01001111
-99.035578 47.368108 01111111 01111111
-78.7511 38.79295 11011001 11100011
-103.460569 42.570565 01101011 01101101
-120.616214 28.285384 00010001 00000011
-111.207307 37.750294 00111000 01001010
-111.972042 28.08229 00110001 00001011
-79.592716 34.01002 11000101 10110001
-116.85673 38.380588 00101000 01001000
-103.605997 44.24628 01101100 01111000
-116.676756 27.904928 00100001 00001001
-118.435444 48.257646 00011111 01010111
-101.621565 37.262933 01101000 01101000
-110.788579 48.060906 00111111 01011111
-83.296659 45.029644 10111101 11011011
-70.564534 34.738403 11110110 10111110
-75.024327 28.032342 11100001 10101001
-112.914122 38.850618 00111001 01001011
-100.465953 40.747662 01101010 01101100
-116.424743 41.760691 00101011 01001101
-117.108578 36.624778 00100111 00011101
-81.255786 27.793755 11000001 10100001
-116.228763 35.689746 00100110 00011100
-118.49378 38.556414 00011000 01000010
-100.309786 38.519905 01101000 01101000
-111.037276 36.817856 00110111 00011111
-80.996917 26.478293 11000000 10100000
-107.8818 28.151615 01000001 00100001
-71.524908 29.962123 11110010 10101110
-102.964027 42.034575 01101011 01101101
-86.000399 47.218414 10101110 11011100
-78.644715 40.420996 11011010 11100110
-75.818265 36.986752 11010111 10110111
-123.101496 39.861429 00001001 01000001
-79.080397 41.625273 11001011 11100101
-111.986802 46.75963 00111110 01011110
-99.524038 38.613941 01111000 01101010
-77.256269 44.157454 11011100 11110010
-78.53444 43.938961 11011100 11110010
-115.155707 26.439227 00100000 00001000
-96.77526 27.531093 01110001 00101011
-76.137061 37.534949 11011000 11100010
-100.629674 30.106343 01100011 00101101
-116.618405 41.2842 00101010 01001100
-69.624369 30.336364 11110011 10101111
-87.544765 46.649993 10101110 11011100
-97.027941 36.487434 01110111 00111111
-91.801743 43.781698 10011100 11010010
-105.538449 31.47046 01010100 00110010
-95.227117 38.42202 10001000 11000000
-102.800654 42.563917 01101011 01101101
-116.725572 35.135769 00100110 00011100
-80.554339 45.759896 11001101 11110001
-106.048565 33.50747 01010101 00110011
-89.940139 41.235763 10011010 11000110
-72.205577 26.005693 11100000 10101000
-109.728249 30.34751 01000011 00100101
-99.215347 40.344983 01111010 01101110
-82.445965 45.906893 10111110 11011110
-110.606139 30.646337 01000011 00100101
-108.833531 31.006095 01000011 00100101
-110.730532 44.987699 00111101 01011011
-68.462754 34.46714 11110110 10111110
-103.965893 35.72324 01010110 00110110
-97.131397 26.101607 01110000 00101010
-93.033905 28.694084 10000010 10000100
-104.48468 41.703068 01011011 01100111
-89.245266 44.277819 10101100 11011000
-121.521506 39.116646 00001001 01000001
-78.061806 44.313217 11011100 11110010
-123.999351 48.549842 00001111 01010101
-107.163632 30.279351 01010011 00100111
-105.252809 34.011929 01010101 00110011
-105.815713 28.808881 01010010 00100110
-73.639557 46.299673 11101110 11111100
-96.315993 29.546474 10000010 10000100
-86.156832 44.502612 10101101 11011001
-95.474852 31.568627 10000100 10010000
-85.432039 34.770705 10110110 10011110
-107.570219 30.597877 01000011 00100101
-96.858409 36.497456 01110111 00111111
-124.774998 37.349514 00001000 01000000
-114.220771 42.590776 00111011 01001111
-82.701779 42.364383 10111011 11001111
-88.141883 44.55216 10101101 11011001
-87.432448 25.865115 10100000 10001000
-69.971065 42.062959 11111011 11101111
-78.552473 40.053369 11011001 11100011
-71.084808 46.455719 11111110 11111110
-77.696293 30.870457 11010011 10100111
-87.935563 42.063721 10101011 11001101
-114.232856 44.469313 00111101 01011011
-72.494027 48.651501 11101111 11111101
-106.458441 47.943801 01011111 01110111
-110.899233 26.184222 00110000 00001010
-113.087562 30.742478 00110011 00001111
-89.757907 44.061846 10011100 11010010
-72.518828 25.844371 11100000 10101000
-104.881368 33.967177 01010101 00110011
-118.80789 32.720152 00010100 00010010
-71.104735 43.002682 11111100 11111010
-88.770472 34.395337 10100110 10011100
-87.707294 33.830918 10100101 10011001
-104.984591 44.621822 01011101 01110011
-110.807914 39.078224 00111001 01001011
-69.575537 32.301725 11110100 10111010
-76.612244 40.630661 11011010 11100110
-99.484831 39.239235 01111001 01101011
-121.133953 48.335324 00011111 01010111
-110.758674 33.889749 00110101 00011011
-94.590059 41.788744 10001011 11000101
-85.217022 26.277326 10110000 10001010
-72.506346 34.081703 11100101 10111001
-72.2546 47.614594 11101111 11111101
-81.538003 44.292732 11001100 11110000
-84.610616 35.511778 10110110 10011110
-84.795327 25.81975 10110000 10001010
-74.249918 30.839265 11100011 10101101
-123.950133 46.295466 00001110 01010100
-81.169251 43.517383 11001100 11110000
-92.113129 37.290212 10011000 11000010
-96.540933 35.958771 10000111 10010101
-72.635471 38.923861 11101001 11101001
-90.687671 31.973812 10010100 10010010
-76.02721 35.413244 11010110 10110110
-111.496131 34.022768 00110101 00011011
-78.160057 38.762607 11011001 11100011
-107.013151 41.654048 01011011 01100111
-118.983185 26.734919 00010000 00000010
-71.325728 28.49721 11110001 10101011
-103.444109 29.828111 01100010 00101100
-76.531568 27.181105 11010001 10100011
-91.239908 45.899932 10011110 11010110
-100.137839 39.758486 01101001 01101001
-89.905926 38.073027 10011000 11000010
-86.897723 28.857726 10100010 10001100
-122.594356 25.945219 00000000 00000000
-90.216382 48.62585 10011111 11010111
-83.415034 39.258089 10111001 11001011
-79.51965 40.663521 11001010 11100100
-87.322467 42.049128 10101011 11001101
-116.769878 36.252744 00100111 00011101
-98.507887 33.823318 01110101 00111011
-121.071953 33.701079 00010101 00010011
-70.647872 43.582662 11111100 11111010
-119.657542 31.780982 00010100 00010010
-97.088742 44.195746 01111100 01111010
-87.994133 32.867338 10100100 10011000
-94.57806 46.374946 10001110 11010100
-77.863485 37.729119 11011000 11100010
-105.809406 45.18414 01011101 01110011
-75.941742 31.669127 11010100 10110010
-70.218501 48.676488 11111111 11111111
-121.783976 29.903882 00000010 00000100
-100.074825 30.872754 01110011 00101111
-95.313995 26.687672 10000000 10000000
-107.903682 46.255056 01001110 01110100
-85.378394 27.831184 10110001 10001011
-87.330114 46.378963 10101110 11011100
-68.455938 43.155182 11111100 11111010
-68.602544 44.002286 11111100 11111010
-121.306841 31.62872 00010100 00010010
-111.207171 34.756091 00110110 00011110
-87.714886 38.741947 10101001 11001001
-107.966712 29.646053 01000010 00100100
-93.711245 42.096277 10001011 11000101
-104.993059 43.852041 01011100 01110010
-118.337647 36.935682 00010111 00010111
-81.127942 30.23873 11000011 10100101
-71.177896 44.336429 11111100 11111010
-81.739982 40.467173 11001010 11100100
-100.178087 31.518123 01100100 00111000
-97.190964 39.755608 01111001 01101011
-104.020652 27.800379 01010001 00100011
-78.210765 44.64069 11011101 11110011
-114.064967 36.89513 00110111 00011111
-87.8802 26.81238 10100000 10001000
-93.410613 33.304396 10000101 10010001
-79.868497 35.319405 11000110 10110100
-120.767158 34.361725 00010110 00010110
-77.813994 26.949608 11010000 10100010
-96.862368 44.047727 01111100 01111010
-70.934242 28.741936 11110010 10101110
-92.380087 31.538042 10010100 10010010
-85.518762 45.433959 10111101 11011011
-72.521687 31.018497 11100011 10101101
-112.936691 33.515572 00110101 00011011
-119.130223 35.70995 00010110 00010110
-111.52277 39.950653 00111001 01001011
-88.492652 38.416752 10101000 11001000
-70.3597 44.006281 11111100 11111010
-81.171834 26.632196 11000000 10100000
-87.023484 32.926098 10100101 10011001
-111.851705 46.333484 00111110 01011110
-84.118905 31.613781 10110100 10011010
-121.123492 35.729995 00010110 00010110
-76.636177 40.734554 11011010 11100110
-116.060432 27.199826 00100001 00001001
-86.597741 42.477129 10101011 11001101
-99.79775 35.771619 01110111 00111111
-74.45624 35.392893 11100110 10111100
-122.743787 29.12131 00000010 00000100
-83.218717 45.379515 10111101 11011011
-124.16436 34.050668 00000101 00010001
-83.02376 34.491201 10110110 10011110
-112.555532 41.887651 00111011 01001111
-86.688186 47.609398 10101111 11011101
-104.379197 39.098206 01011001 01100011
-122.068135 37.547389 00001000 01000000
-85.138338 36.935772 10110111 10011111
-121.701958 39.322537 00001001 01000001
-86.562938 31.639019 10100100 10011000
-113.651789 40.249542 00111010 01001110
-71.020724 37.239587 11111000 11101010
-111.175646 30.092748 00110011 00001111
-104.243519 38.046593 01011000 01100010
-100.5502 39.35275 01101001 01101001
-70.244979 43.870667 11111100 11111010
-105.894375 48.346199 01011111 01110111
-96.733663 39.73336 01111001 01101011
-107.640542 30.749149 01000011 00100101
-91.002808 30.936182 10010011 10000111
-114.928433 47.256841 00101111 01011101
-95.549789 41.099612 10001010 11000100
-113.637852 42.015525 00111011 01001111
-120.580997 32.011422 00010100 00010010
-92.340629 38.644018 10011001 11000011
-78.254773 48.545189 11011111 11110111
-100.801276 44.795862 01101101 01111001
-112.463352 38.459011 00111000 01001010
-78.511655 35.269409 11010110 10110110
-123.17035 28.02126 00000001 00000001
-87.388416 34.586 10100110 10011100
-68.515971 46.850489 11111110 11111110
-119.387567 48.464195 00011111 01010111
-70.557123 29.039088 11110010 10101110
-82.070399 37.900102 11001000 11100000
-90.399191 38.737941 10011001 11000011
-73.293965 27.326877 11100001 10101001
-88.565312 37.659916 10101000 11001000
-87.832814 32.221747 10100100 10011000
-96.096634 41.604104 10001011 11000101
-83.47926 29.537674 10110010 10001110
-73.318074 46.842332 11101110 11111100
-115.689153 30.482283 00100011 00001101
-104.100057 28.082479 01010001 00100011
-119.114149 37.738326 00011000 01000010
-95.81178 47.77102 10001111 11010101
-98.613977 39.147034 01111001 01101011
-108.035037 30.233829 01000011 00100101
-114.501699 33.158899 00100101 00011001
-69.851107 44.750938 11111101 11111011
-76.253027 39.04622 11011001 11100011
-107.216077 41.890396 01001011 01100101
-111.974175 29.05557 00110010 00001110
-76.243957 33.145032 11010101 10110011
-70.229615 44.791141 11111101 11111011
-107.304117 41.034297 01001010 01100100
-79.204375 35.375629 11000110 10110100
-94.847939 27.550882 10000001 10000001
-84.167604 39.499558 10111001 11001011
-86.034968 29.36949 10100010 10001100
-85.075702 40.583279 10111010 11001110
-78.153046 42.770687 11011011 11100111
-76.168036 29.506723 11010010 10100110
-69.714552 34.543654 11110110 10111110
-110.305439 33.791568 01000101 00110001
-84.482745 33.340402 10110101 10011011
-111.354023 33.776777 00110101 00011011
-77.44719 46.520332 11011110 11110110
-90.188078 34.018023 10010101 10010011
-103.500042 27.65237 01100001 00101001
-114.08219 30.924316 00110011 00001111
-120.246995 47.158907 00011110 01010110
-82.822979 43.514367 10111100 11011010
-81.719988 39.31748 11001001 11100001
-99.435232 43.984533 01111100 01111010
-106.514168 43.890448 01011100 01110010
-104.161776 28.421724 01010001 00100011
-114.006847 29.53247 00110010 00001110
-94.775309 29.121821 10000010 10000100
-101.800689 46.57495 01101110 01111100
-76.736032 38.998083 11011001 11100011
-110.344593 47.622321 01001111 01110101
-107.32362 47.797966 01001111 01110101
-89.404994 47.423945 10101111 11011101
-124.856329 45.82225 00001110 01010100
-79.057388 37.178263 11000111 10110101
-94.831717 34.74124 10000110 10010100
-103.216076 47.564123 01101111 01111101
-115.409931 32.096539 00100100 00011000
-92.460312 28.298107 10010001 10000011
-104.178478 35.374681 01010110 00110110
-72.910003 43.37319 11101100 11111000
-97.213226 37.658143 01111000 01101010
-93.487037 40.086497 10001010 11000100
-85.594946 34.863019 10110110 10011110
-103.35258 31.64198 01100100 00111000
-115.213443 45.942054 00101110 01011100
-113.453566 45.357566 00111101 01011011
-84.928823 29.234253 10110010 10001110
-92.213151 32.520377 10010100 10010010
-88.437347 36.939495 10100111 10011101
-69.799924 34.195253 11110101 10111011
-91.607722 31.460267 10010011 10000111
-99.983421 46.855357 01111110 01111110
-118.623792 48.62672 00011111 01010111
-79.097356 47.767062 11001111 11110101
-96.030639 29.147644 10000010 10000100
-103.029729 35.576403 01100110 00111100
-98.322859 28.704224 01110010 00101110
-79.969855 38.555448 11001000 11100000
-76.114164 45.465533 11011101 11110011
-97.16241 42.723797 01111011 01101111
-76.58307 31.259968 11010011 10100111
-115.869926 30.353482 00100011 00001101
-84.570578 33.589774 10110101 10011011
-90.473637 44.104061 10011100 11010010
-121.782915 47.805638 00001111 01010101
-87.280917 26.861578 10100000 10001000
-82.247932 34.13777 11000101 10110001
-102.950815 34.792737 01100110 00111100
-73.08443 30.215743 11100011 10101101
-108.276806 34.960216 01000110 00110100
-92.264999 42.372721 10011011 11000111
-103.276024 31.909172 01100100 00111000
-104.31356 31.066675 01010011 00100111
-115.064087 28.045607 00100001 00001001
-69.003576 42.692198 11111011 11101111
-105.446424 27.490287 01010001 00100011
-116.254603 36.949917 00100111 00011101
-92.143 42.190562 10011011 11000111
-113.179235 42.702788 00111011 01001111
-117.623794 32.732035 00100100 00011000
-96.15789 36.205199 10000111 10010101
-73.875553 35.669747 11100110 10111100
-112.111801 44.009131 00111100 01011010
-94.104771 48.55291 10001111 11010101
-77.617866 43.131316 11011100 11110010
-95.759637 39.527208 10001001 11000001
-108.416561 32.588899 01000100 00110000
-73.526956 43.135875 11101100 11111000
-104.403956 44.460324 01011101 01110011
-95.877322 37.748941 10001000 11000000
-97.622613 28.577554 01110001 00101011
-122.593973 33.817232 00000101 00010001
-120.681694 38.127728 00011000 01000010
-100.774488 29.031475 01100010 00101100
-90.888926 26.418647 10010000 10000010
-72.881481 43.559312 11101100 11111000
-90.279389 39.721828 10011001 11000011
-116.876238 47.931917 00101111 01011101
-116.005432 39.682639 00101001 01001001
-112.281133 41.982538 00111011 01001111
-78.075109 34.309496 11010101 10110011
-101.380713 42.188677 01101011 01101101
-122.532991 39.202542 00001001 01000001
-91.658029 45.739512 10011101 11010011
-91.965847 29.022693 10010010 10000110
-92.470351 47.683115 10011111 11010111
-90.282991 38.355214 10011000 11000010
-100.076472 44.269603 01111100 01111010
-71.03776 40.580537 11111010 11101110
-113.010957 28.47172 00110001 00001011
-108.784124 28.758918 01000010 00100100
-72.664273 34.51382 11100110 10111100
-99.513975 42.529838 01111011 01101111
-69.848374 30.499761 11110011 10101111
-100.70261 39.642447 01101001 01101001
-92.044747 32.744287 10010100 10010010
-123.006005 48.113996 00001111 01010101
-80.791782 41.236271 11001010 11100100
-109.952957 33.533149 01000101 00110001
-119.20324 45.282695 00011101 01010011
-86.672835 42.056957 10101011 11001101
-115.021123 46.321019 00101110 01011100
-80.958586 48.670814 11001111 11110101
-85.013183 48.278486 10111111 11011111
-70.615477 29.10008 11110010 10101110
-76.653925 47.706483 11011111 11110111
-120.437343 37.393602 00011000 01000010
-99.60899 26.919409 01110000 00101010
-80.908983 40.398382 11001010 11100100
-81.114182 35.174988 11000110 10110100
-93.774802 42.809037 10001011 11000101
-68.471404 33.483729 11110101 10111011
-99.110733 46.939432 01111110 01111110
-84.467455 27.857717 10110001 10001011
-120.312451 40.291073 00011010 01000110
-109.244787 41.514769 01001011 01100101
-82.141967 27.43173 11000001 10100001
-94.781721 25.858228 10000000 10000000
-115.555805 45.244429 00101101 01011001
-87.903008 41.906241 10101011 11001101
-120.848108 30.759567 00010011 00000111
-73.390568 45.002184 11101101 11111001
-114.31536 38.404911 00101000 01001000
-109.466484 25.783041 01000000 00100000
-79.363517 39.744381 11001001 11100001
-76.706777 40.763554 11011010 11100110
-113.424601 42.408749 00111011 01001111
-96.946081 31.18102 01110011 00101111
-106.743886 36.267005 01010111 00110111
-83.291924 45.538501 10111101 11011011
-85.485834 36.615628 10110111 10011111
-105.238095 44.53505 01011101 01110011
-117.164108 27.158491 00100000 00001000
-107.127776 41.457659 01011010 01100110
-108.438934 31.7601 01000100 00110000
-104.013127 35.597599 01010110 00110110
-70.443486 28.970276 11110010 10101110
-88.555466 46.928859 10101110 11011100
-116.168008 38.120298 00101000 01001000
-114.782093 42.82234 00101011 01001101
-123.645803 48.161145 00001111 01010101
-93.85352 48.615938 10001111 11010101
-74.424457 32.754671 11100100 10111000
-86.073228 26.172756 10100000 10001000
-88.80108 46.242601 10101110 11011100
-71.61232 46.405516 11111110 11111110
-122.545093 30.662071 00000011 00000101
-76.077725 38.64372 11011001 11100011
-102.630996 45.625835 01101101 01111001
-72.616817 47.336769 11101111 11111101
-73.701289 37.409438 11101000 11101000
-90.328736 35.460522 10010110 10010110
-105.522727 38.423274 01011000 01100010
-100.808094 45.306454 01101101 01111001
-106.297724 40.529345 01011010 01100110
-103.8648 26.981961 01010000 00100010
-90.352662 44.937308 10011101 11010011
-78.318608 29.664951 11010010 10100110
-111.250303 43.395055 00111100 01011010
-81.387462 27.475513 11000001 10100001
-99.658145 27.20423 01110001 00101011
-79.866706 38.38427 11001000 11100000
-114.863603 32.602829 00100100 00011000
-81.691289 43.1904 11001100 11110000
-111.643716 37.391338 00111000 01001010
-96.33047 26.539654 10000000 10000000
-80.296253 42.691567 11001011 11100101
-96.159638 32.533015 10000100 10010000
-111.099728 30.810851 00110011 00001111
-123.833994 29.911949 00000010 00000100
-106.404326 37.711443 01011000 01100010
-106.338391 35.514931 01010110 00110110
-73.499452 34.934522 11100110 10111100
-79.484736 33.066528 11000101 10110001
-101.536364 28.348465 01100001 00101001
-122.583639 38.867253 00001001 01000001
-110.486742 38.176516 01001000 01100000
-68.487269 29.29806 11110010 10101110
-71.231975 44.382201 11111101 11111011
-118.275433 29.227292 00010010 00000110
-85.725167 30.016444 10110010 10001110
-115.429285 35.37632 00100110 00011100
-72.525112 41.69176 11101011 11101101
-122.912831 34.492007 00000110 00010100
-82.954382 44.403859 10111101 11011011
-115.171489 30.608099 00100011 00001101
-124.711771 47.730407 00001111 01010101
-93.98132 36.903569 10000111 10010101
-99.465562 36.513927 01110111 00111111
-79.090315 31.484205 11000100 10110000
-116.113854 35.384926 00100110 00011100
-98.757116 47.211964 01111110 01111110
-115.029889 27.723742 00100001 00001001
-70.970802 32.072988 11110100 10111010
-102.711086 33.768391 01100101 00111001
-124.263518 48.013843 00001111 01010101
-117.411509 25.897397 00100000 00001000
-71.793847 36.189894 11110111 10111111
-93.570106 45.587204 10001101 11010001
-80.923159 36.435862 11000111 10110101
-90.031906 29.554911 10010010 10000110
-120.05597 42.55453 00011011 01000111
-100.873823 27.715269 01100001 00101001
-84.747344 46.228449 10111110 11011110
-121.175287 37.967537 00011000 01000010
-104.508218 42.83042 01011011 01100111
-69.370853 46.627645 11111110 11111110
-82.743828 47.483692 10111111 11011111
-111.34657 45.594574 00111101 01011011
-105.026837 27.680348 01010001 00100011
-102.120423 42.012871 01101011 01101101
-118.725591 31.559824 00010100 00010010
-92.348831 39.139193 10011001 11000011
-72.063842 35.294111 11100110 10111100
-91.390396 38.865275 10011001 11000011
-98.036522 34.108978 01110101 00111011
-98.661556 38.852871 01111001 01101011
-112.593371 29.752761 00110010 00001110
-105.353115 41.144937 01011010 01100110
-82.074877 30.201582 11000011 10100101
-93.418343 25.823007 10000000 10000000
-88.87763 34.59306 10100110 10011100
-69.800971 30.288424 11110011 10101111
-97.482786 47.06305 01111110 01111110
-101.022393 46.725334 01101110 01111100
-106.497961 35.126395 01010110 00110110
-116.64037 46.099362 00101110 01011100
-104.308594 34.727635 01010110 00110110
-77.565122 26.279442 11010000 10100010
-110.584199 32.209505 01000100 00110000
-71.06446 37.564339 11111000 11101010
-76.269477 45.112312 11011101 11110011
-83.08558 38.349355 10111000 11001010
-71.951236 41.381301 11101010 11101100
-85.788928 47.640552 10111111 11011111
-104.179544 29.79378 01010010 00100110
-101.010662 27.594876 01100001 00101001
-72.376204 35.706504 11100110 10111100
-84.070733 31.255969 10110011 10001111
-78.484498 37.820801 11011000 11100010
-77.546856 34.151865 11010101 10110011
-84.147999 47.296403 10111111 11011111
-83.457162 46.483237 10111110 11011110
-102.608876 34.519166 01100110 00111100
-69.247482 43.93832 11111100 11111010
-119.341845 44.362181 00011100 01010010
-112.489299 31.314759 00110011 00001111
-109.610411 34.731375 01000110 00110100
-111.005093 40.465761 00111010 01001110
-95.471631 38.932319 10001001 11000001
-94.233462 38.8448 10001001 11000001
-105.234241 29.555458 01010010 00100110
-115.304604 42.643017 00101011 01001101
-93.746549 31.007913 10000011 10000101
-74.880656 36.373244 11100111 10111101
-117.303472 39.357003 00101001 01001001
-88.75545 46.95844 10101110 11011100
-70.827261 27.904554 11110001 10101011
-88.725426 47.245156 10101111 11011101
-123.881275 33.097265 00000101 00010001
-90.503164 47.639957 10011111 11010111
-90.198534 34.964366 10010110 10010110
-111.93952 27.402424 00110001 00001011
-93.298313 33.516322 10000101 10010001
-92.849645 41.738464 10011011 11000111
-124.215101 42.875337 00001011 01000101
-117.975599 26.51662 00010000 00000010
-99.72995 44.531641 01111101 01111011
-86.533345 33.419098 10100101 10011001
-83.370353 40.267258 10111010 11001110
-74.931594 39.363132 11101001 11101001
-108.733763 41.114911 01001010 01100100
-118.642049 27.719832 00010001 00000011
-69.110565 26.97661 11110000 10101010
-102.770965 32.027425 01100100 00111000
-99.384165 39.582548 01111001 01101011
-101.4161 32.413777 01100100 00111000
-71.324068 31.211396 11110011 10101111
-124.767335 47.544793 00001111 01010101
-81.045562 44.625654 11001101 11110001
-72.051494 29.56606 11100010 10101100
-101.617909 36.064046 01100111 00111101
-108.239284 32.151318 01000100 00110000
-122.125283 45.75347 00001101 01010001
-117.294889 34.527975 00100110 00011100
-69.183399 25.744119 11110000 10101010
-112.098216 41.238519 00111010 01001110
-75.200036 38.621218 11101000 11101000
-99.834898 40.337383 01111010 01101110
-76.3062 35.847613 11010111 10110111
-68.81479 39.121518 11111001 11101011
-87.65374 33.994039 10100101 10011001
-89.290924 44.274971 10101100 11011000
-122.728044 30.806629 00000011 00000101
-92.369772 42.923299 10011011 11000111
-116.73222 28.06816 00100001 00001001
-122.444776 46.473273 00001110 01010100
-84.172978 25.874735 10110000 10001010
-121.858374 43.669923 00001100 01010000
-106.682887 34.41161 01010110 00110110
-122.888594 46.527831 00001110 01010100
-101.144309 30.259776 01100011 00101101
-70.707762 43.623759 11111100 11111010
-121.266788 37.513365 00011000 01000010
-85.035561 45.777462 10111101 11011011
-103.937662 29.604681 01010010 00100110
-90.523943 48.572154 10011111 11010111
-103.821603 39.672837 01011001 01100011
-84.390017 28.127962 10110001 10001011
-89.393207 29.890477 10100010 10001100
-113.698019 37.577515 00111000 01001010
-78.26021 42.240805 11011011 11100111
-107.484071 47.727635 01001111 01110101
-106.03881 46.854015 01011110 01110110
-94.838354 42.546257 10001011 11000101
-111.983575 46.489246 00111110 01011110
-82.180344 47.545249 11001111 11110101
-92.352764 28.942219 10010010 10000110
-83.211253 46.472872 10111110 11011110
-103.163875 36.839326 01100111 00111101
-96.331245 28.203903 10000001 10000001
-106.800006 47.664864 01011111 01110111
-124.101908 37.344861 00001000 01000000
-109.66403 40.025001 01001001 01100001
-72.864178 28.935209 11100010 10101100
-69.291443 46.034314 11111110 11111110
-101.033991 29.260285 01100010 00101100
-71.255788 25.920216 11110000 10101010
-121.964624 46.180555 00001110 01010100
-108.869637 46.448908 01001110 01110100
-68.487168 43.944799 11111100 11111010
-69.435893 30.42772 11110011 10101111
-114.912861 42.307518 00101011 01001101
-114.505547 34.457203 00100110 00011100
-122.17588 38.699115 00001001 01000001
-117.004511 26.086019 00100000 00001000
-76.871311 46.545171 11011110 11110110
-76.285297 48.324207 11011111 11110111
-108.798477 30.276253 01000011 00100101
-79.48476 26.718245 11000000 10100000
-118.170194 45.542816 00011101 01010011
-76.414823 32.930779 11010101 10110011
-93.506578 26.771537 10000000 10000000
-99.147788 36.170131 01110111 00111111
-116.376632 27.490388 00100001 00001001
-78.363777 32.837019 11010100 10110010
-104.031697 46.500868 01011110 01110110
-102.858498 45.754862 01101101 01111001
-74.167919 45.223702 11101101 11111001
-100.613057 30.766097 01100011 00101101
-122.669842 39.142843 00001001 01000001
-79.43303 30.392493 11000011 10100101
-86.404927 39.215473 10101001 11001001
-99.881457 31.149586 01110011 00101111
-111.348212 43.43854 00111100 01011010
-113.531908 30.02245 00110010 00001110
-96.688165 31.034548 01110011 00101111
-115.695394 42.827443 00101011 01001101
-124.671446 28.519222 00000001 00000001
-113.29782 34.819366 00110110 00011110
-90.563647 37.716031 10011000 11000010
-76.236895 36.926766 11010111 10110111
-83.815593 41.053125 10111010 11001110
-89.064101 36.125953 10100111 10011101
-97.249244 31.970623 01110100 00111010
-115.251215 45.515915 00101101 01011001
-97.351247 38.567645 01111000 01101010
-70.366341 31.66712 11110100 10111010
-89.793918 36.656773 10010111 10010111
-75.551221 48.195611 11011111 11110111
-116.445456 46.25753 00101110 01011100
-117.859411 27.925523 00010001 00000011
-94.615925 28.128852 10000001 10000001
-75.526582 27.978392 11010001 10100011
-68.645199 45.675856 11111101 11111011
-75.290366 38.972653 11101001 11101001
-92.601574 41.29253 10011010 11000110
-82.722023 37.837669 10111000 11001010
-106.563177 43.872264 01011100 01110010
-72.510109 38.181221 11101000 11101000
-105.729527 31.86456 01010100 00110010
-88.672607 27.985364 10100001 10001001
-102.764137 37.936322 01101000 01101000
-107.757806 29.772649 01000010 00100100
-102.584312 35.151678 01100110 00111100
-71.469798 46.619652 11111110 11111110
-114.141845 45.752571 00111101 01011011
-97.710357 44.13001 01111100 01111010
-79.470566 37.630388 11001000 11100000
-88.772118 27.663792 10100001 10001001
-115.679854 43.591412 00101100 01011000
-116.280924 26.828944 00100000 00001000
-107.796475 43.260282 01001100 01110000
-74.087151 47.112251 11101110 11111100
-90.039376 28.046627 10010001 10000011
-90.747152 33.728288 10010101 10010011
-94.121809 27.942451 10000001 10000001
-118.453035 26.458482 00010000 00000010
-85.141014 33.656674 10110101 10011011
-118.467044 48.52757 00011111 01010111
-99.349413 25.778748 01110000 00101010
-114.247553 36.566572 00110111 00011111
-116.274254 28.734586 00100010 00001100
-73.943642 32.941967 11100101 10111001
-119.669506 44.895356 00011101 01010011
-88.790017 40.168925 10101010 11001100
-94.316137 42.655677 10001011 11000101
-85.917506 46.737191 10111110 11011110
-92.495623 27.81781 10010001 10000011
-80.475901 41.554161 11001011 11100101
-80.973284 40.15939 11001010 11100100
-118.150209 31.004215 00010011 00000111
-103.49907 43.770354 01101100 01111000
-121.799728 33.329663 00000101 00010001
-86.801495 30.19482 10100011 10001101
-76.936263 29.096867 11010010 10100110
-109.29524 29.200229 01000010 00100100
-113.122392 44.51005 00111101 01011011
-73.623795 26.126054 11100000 10101000
-103.593499 44.923677 01101101 01111001
-105.113763 32.0298 01010100 00110010
-116.937981 27.652715 00100001 00001001
-102.162418 45.533872 01101101 01111001
-103.900629 35.618035 01010110 00110110
-124.41247 46.274262 00001110 01010100
-82.574348 31.827128 10110100 10011010
-111.970406 31.356522 00110011 00001111
-99.632956 41.940975 01111011 01101111
-78.157764 37.961424 11011000 11100010
-111.993755 37.753181 00111000 01001010
-105.662353 45.599875 01011101 01110011
-113.577396 35.731416 00110110 00011110
-74.637489 32.913746 11100101 10111001
-118.21759 47.302046 00011111 01010111
-118.296697 35.239073 00010110 00010110
-93.26869 41.613991 10001011 11000101
-72.44955 33.247858 11100101 10111001
-108.087721 42.420375 01001011 01100101
-96.450018 31.968648 10000100 10010000
-104.925204 47.359927 01011111 01110111
-75.178324 29.442403 11100010 10101100
-114.996014 48.592448 00101111 01011101
-86.503222 34.501698 10100110 10011100
-102.644703 35.83204 01100111 00111101
-86.414881 31.362679 10100011 10001101
-108.487982 44.644132 01001101 01110001
-88.948578 29.542291 10100010 10001100
-111.780455 27.305972 00110001 00001011
-122.635974 26.219494 00000000 00000000
-92.182802 36.240417 10010111 10010111
-84.24968 41.204605 10111010 11001110
-112.876028 36.954054 00110111 00011111
-87.930858 38.138369 10101000 11001000
-88.028059 26.670127 10100000 10001000
-114.028834 32.633831 00110100 00011010
-103.26704 29.785747 01100010 00101100
-78.59325 48.051362 11011111 11110111
-95.295462 34.699596 10000110 10010100
-116.470857 32.751222 00100100 00011000
-106.36033 41.680883 01011011 01100111
-84.856282 41.951287 10111011 11001111
-105.151447 48.545397 01011111 01110111
-89.404825 26.942045 10100000 10001000
-123.614338 33.088894 00000101 00010001
-91.011598 29.53447 10010010 10000110
-72.499261 38.873906 11101001 11101001
-88.821322 34.184435 10100101 10011001
-105.992097 48.576068 01011111 01110111
-112.373815 29.974491 00110010 00001110
-75.27205 32.264066 11100100 10111000
-73.725886 40.846836 11101010 11101100
-73.3378 34.564641 11100110 10111100
-68.313491 44.921381 11111101 11111011
-86.095184 45.418475 10101101 11011001
-95.454194 36.391275 10000111 10010101
-78.949162 43.184424 11001100 11110000
-103.317359 45.662694 01101101 01111001
-68.360742 42.758325 11111011 11101111
-102.917651 47.373555 01101111 01111101
-104.352527 32.135078 01010100 00110010
-89.607347 37.656043 10011000 11000010
-73.563286 41.11757 11101010 11101100
-109.414043 33.851217 01000101 00110001
-100.559308 31.235861 01100011 00101101
-102.897335 32.727101 01100100 00111000
-111.758995 45.060788 00111101 01011011
-94.946616 26.303596 10000000 10000000
-97.094342 44.606657 01111101 01111011
-111.238078 38.129089 00111000 01001010
-113.044733 33.134005 00110101 00011011
-120.731525 34.861346 00010110 00010110
-88.228264 45.369161 10101101 11011001
-86.512507 43.548314 10101100 11011000
-106.435338 29.280985 01010010 00100110
-68.638155 42.235811 11111011 11101111
-69.499792 30.173686 11110011 10101111
-89.036706 26.284874 10100000 10001000
-96.4401 27.90098 10000001 10000001
-111.793059 40.738923 00111010 01001110
-99.224051 33.582372 01110101 00111011
-96.755578 40.442701 01111010 01101110
-111.158034 45.505983 00111101 01011011
-115.645232 39.350639 00101001 01001001
-70.817749 27.66566 11110001 10101011
-93.325872 48.61327 10001111 11010101
-76.30051 31.965421 11010100 10110010
-94.390881 42.186129 10001011 11000101
-77.808136 25.745329 11010000 10100010
-99.79814 40.011188 01111001 01101011
-102.932173 41.03937 01101010 01101100
-116.503172 47.114652 00101110 01011100
-80.032788 46.856038 11001110 11110100
-92.785881 33.292569 10010101 10010011
-104.791038 38.980718 01011001 01100011
-79.116417 40.80293 11001010 11100100
-73.807742 38.450926 11101000 11101000
-79.166462 47.208197 11001110 11110100
-119.06051 41.317133 00011010 01000110
-83.136589 26.776581 10110000 10001010
-74.938172 43.869702 11101100 11111000
-87.914231 39.355734 10101001 11001001
-123.418211 41.701769 00001011 01000101
-116.604118 40.564365 00101010 01001100
-72.814274 34.142971 11100101 10111001
-78.386985 35.488126 11010110 10110110
-87.271942 27.101538 10100000 10001000
-71.676432 41.40716 11111010 11101110
-84.153882 47.8198 10111111 11011111
-72.087555 27.599434 11100001 10101001
-108.471093 44.665614 01001101 01110001
-83.192992 28.733582 10110010 10001110
-92.210158 26.49342 10010000 10000010
-116.225863 28.392508 00100001 00001001
-107.780034 37.80616 01001000 01100000
-123.462428 36.76078 00000111 00010101
-76.834259 28.161166 11010001 10100011
-76.468105 38.418084 11011000 11100010
-96.987953 36.012865 01110111 00111111
-114.596449 40.336938 00101010 01001100
-107.699885 39.241419 01001001 01100001
-110.492227 45.063682 01001101 01110001
-69.224642 25.833962 11110000 10101010
-111.968709 42.050507 00111011 01001111
-96.647866 39.791826 01111001 01101011
-88.056991 36.563127 10100111 10011101
-100.102289 43.44323 01111100 01111010
-86.675231 38.537855 10101000 11001000
-96.65548 44.923092 01111101 01111011
-102.021563 45.445802 01101101 01111001
-69.843763 26.237713 11110000 10101010
-95.024832 43.45833 10001100 11010000
-70.283294 40.138238 11111010 11101110
-68.836884 43.8459 11111100 11111010
-122.86738 37.508784 00001000 01000000
-93.981418 38.11191 10001000 11000000
-74.245502 38.634534 11101000 11101000
-94.126619 39.647513 10001001 11000001
-101.337841 40.245418 01101010 01101100
-116.190169 29.36677 00100010 00001100
-121.554354 41.594986 00001011 01000101
-120.000911 38.006647 00011000 01000010
-99.317381 48.431387 01111111 01111111
-70.47376 32.0791 11110100 10111010
-97.3645 40.180785 01111010 01101110
-110.425523 26.326319 01000000 00100000
-98.881593 47.650027 01111111 01111111
-82.953259 45.888364 10111110 11011110
-113.873674 28.010757 00110001 00001011
-85.330648 43.516492 10111100 11011010
-103.361112 41.425558 01101010 01101100
-78.581525 45.327261 11011101 11110011
-84.032625 30.443212 10110011 10001111
-97.627768 27.937435 01110001 00101011
-88.218077 40.477681 10101010 11001100
-108.882923 38.099896 01001000 01100000
-72.85039 34.427463 11100110 10111100
-80.988714 41.844901 11001011 11100101
-106.57817 43.052465 01011100 01110010
-118.501821 47.563368 00011111 01010111
-74.168302 40.277356 11101010 11101100
-78.092034 37.017159 11010111 10110111
-90.021245 45.003719 10011101 11010011
-107.942458 39.13716 01001001 01100001
-70.284022 36.986628 11110111 10111111
-85.513975 46.561785 10111110 11011110
-124.603086 29.130179 00000010 00000100
-106.626524 37.941341 01011000 01100010
-71.918913 41.726709 11101011 11101101
-93.838377 37.975093 10001000 11000000
-106.748872 36.016102 01010111 00110111
-75.17111 34.627086 11100110 10111100
-117.634078 40.724543 00101010 01001100
-105.584232 28.233691 01010001 00100011
-108.06537 32.269686 01000100 00110000
-91.857492 45.188418 10011101 11010011
-123.751791 32.145267 00000100 00010000
-92.134192 44.904486 10011101 11010011
-106.866591 43.47164 01011100 01110010
-96.638634 30.156867 01110011 00101111
-93.506273 46.626461 10001110 11010100
-98.411793 45.968606 01111110 01111110
-108.477867 36.988745 01000111 00110101
-85.233705 45.473354 10111101 11011011
-83.783763 41.412014 10111010 11001110
-115.0188 32.750386 00100100 00011000
-76.970431 45.339282 11011101 11110011
-79.608308 28.274644 11000001 10100001
-111.737978 44.468231 00111101 01011011
-119.259411 29.375744 00010010 00000110
-103.34064 40.075384 01101010 01101100
-109.317391 35.71007 01000110 00110100
-88.443581 27.87093 10100001 10001001
-122.203784 35.421064 00000110 00010100
-84.98798 27.173564 10110001 10001011
-85.274487 40.732882 10111010 11001110
-81.151293 45.891836 11001110 11110100
-73.037703 38.695634 11101001 11101001
-95.751001 39.404666 10001001 11000001
-97.457289 46.317679 01111110 01111110
-88.269323 47.846652 10101111 11011101
-121.007189 46.989294 00011110 01010110
-113.69229 43.405537 00111100 01011010
-94.735123 37.720556 10001000 11000000
-80.430078 40.079353 11001010 11100100
-76.159954 44.878388 11011101 11110011
-70.882611 41.745886 11111011 11101111
-107.879151 43.995881 01001100 01110000
-109.821056 32.673162 01000100 00110000
-74.255649 34.025103 11100101 10111001
-88.798262 29.198096 10100010 10001100
-118.864725 40.19298 00011010 01000110
-101.093598 35.781819 01100111 00111101
-100.130658 45.880084 01101110 01111100
-113.330985 48.015404 00111111 01011111
-114.829588 48.349775 00101111 01011101
-76.600431 28.986455 11010010 10100110
-118.315642 28.282767 00010001 00000011
-115.570102 36.286173 00100111 00011101
-77.035346 38.823058 11011001 11100011
-74.53842 37.611363 11101000 11101000
-101.139443 31.855955 01100100 00111000
-69.59263 26.114532 11110000 10101010
-96.41785 33.905361 10000101 10010001
-97.874017 40.967003 01111010 01101110
-81.098303 44.999775 11001101 11110001
-74.737135 32.923266 11100101 10111001
-100.656572 26.080513 01100000 00101000
-122.79125 39.955394 00001001 01000001
-71.220231 29.765642 11110010 10101110
-106.752497 48.030047 01011111 01110111
-105.872505 44.718238 01011101 01110011
-82.591441 43.148317 10111100 11011010
-105.671491 37.223625 01011000 01100010
-91.514132 44.723246 10011101 11010011
-92.194948 43.185182 10011100 11010010
-109.484086 35.731216 01000110 00110100
-111.571105 27.203853 00110001 00001011
-108.378182 38.552841 01001000 01100000
-111.977743 35.689851 00110110 00011110
-68.384728 26.056733 11110000 10101010
-95.851051 33.412668 10000101 10010001
-94.643632 40.682788 10001010 11000100
-72.924849 34.569348 11100110 10111100
-100.358314 42.942144 01101100 01111000
-105.091696 40.427844 01011010 01100110
-79.377817 35.871559 11000111 10110101
-116.088562 40.074582 00101010 01001100
-94.540543 34.573273 10000110 10010100
-100.698251 37.030669 01100111 00111101
-120.753344 31.067949 00010011 00000111
-121.771859 43.29143 00001100 01010000
-102.324388 42.885045 01101011 01101101
-79.212153 45.99735 11001110 11110100
-95.107243 32.379038 10000100 10010000
-76.795067 27.982009 11010001 10100011
-75.051877 26.826557 11100000 10101000
-118.378819 30.632854 00010011 00000111
-118.634498 45.614108 00011101 01010011
-108.429382 46.164393 01001110 01110100
-96.09659 28.22193 10000001 10000001
-71.987013 29.513012 11100010 10101100
-70.42438 31.784496 11110100 10111010
-121.33573 43.87226 00001100 01010000
-113.706064 30.349969 00110011 00001111
-106.239285 42.180814 01011011 01100111
-88.051984 33.763522 10100101 10011001
-88.964929 42.438904 10101011 11001101
-118.099526 43.280122 00011100 01010010
-111.438441 43.149704 00111100 01011010
-119.628071 45.536291 00011101 01010011
-93.740271 45.275711 10001101 11010001
-104.250491 44.294323 01011100 01110010
-120.824901 30.329407 00010011 00000111
-71.77559 33.02748 11110101 10111011
-123.827995 27.880805 00000001 00000001
-76.594588 35.775906 11010111 10110111
-111.600745 31.599237 00110100 00011010
-113.315409 32.951992 00110101 00011011
-79.076891 42.220321 11001011 11100101
-104.670272 38.089999 01011000 01100010
-101.222329 40.294582 01101010 01101100
-71.359738 38.471847 11111000 11101010
-75.182667 43.123624 11101100 11111000
-104.800454 34.022401 01010101 00110011
-97.154925 41.698115 01111011 01101111
-80.375846 47.873672 11001111 11110101
-76.503525 39.995579 11011001 11100011
-73.924771 35.162909 11100110 10111100
-96.732434 30.998316 01110011 00101111
-112.84571 45.752234 00111101 01011011
-96.134713 31.504187 10000100 10010000
-88.878432 43.857287 10101100 11011000
-79.015548 35.541709 11000110 10110100
-89.455485 33.461304 10100101 10011001
-92.605758 28.689391 10010010 10000110
-92.285163 46.343606 10011110 11010110
-84.364301 43.321926 10111100 11011010
-108.422951 33.773781 01000101 00110001
-76.525822 28.33823 11010001 10100011
-107.436557 30.04112 01000011 00100101
-77.656875 25.729005 11010000 10100010
-97.834951 44.784516 01111101 01111011
-101.193556 38.969231 01101001 01101001
-78.110766 36.825441 11010111 10110111
-92.257672 29.766235 10010010 10000110
-108.115488 26.32558 01000000 00100000
-87.935986 37.826352 10101000 11001000
-109.130005 31.028833 01000011 00100101
-97.630147 39.673918 01111001 01101011
-71.718149 30.720164 11110011 10101111
-93.962111 36.64307 10000111 10010101
-93.906954 47.358047 10001111 11010101
-85.818187 26.835255 10110000 10001010
-106.440427 33.220903 01010101 00110011
-120.866094 39.149504 00011001 01000011
-83.922075 48.285883 10111111 11011111
-68.969336 45.872657 11111110 11111110
-101.791776 35.213684 01100110 00111100