2000 2 C-Index Z-Index
-124.85691 -68.276338 X
25.714011 48.658922 Y
-90.890712 26.961063 10010000 10000010
-105.987377 47.119278 01011110 01110110
-115.890069 32.575649 00100100 00011000
-124.811006 26.400576 00000000 00000000
-103.36549 44.839516 01101101 01111001
-96.579318 47.905569 01111111 01111111
-73.184968 44.391957 11101101 11111001
-90.858319 28.365132 10010001 10000011
-120.455776 28.85772 00010010 00000110
-82.813394 47.244574 10111111 11011111
-121.160933 32.423232 00010100 00010010
-111.731393 32.170374 00110100 00011010
-124.596107 31.49366 00000100 00010000
-69.996592 42.387156 11111011 11101111
-110.365154 34.562592 01000110 00110100
-121.778858 44.311296 00001100 01010000
-94.838558 43.854289 10001100 11010000
-83.42473 32.394058 10110100 10011010
-72.467088 42.707293 11101011 11101101
-73.248356 47.252479 11101111 11111101
-92.62907 32.443979 10010100 10010010
-120.918924 28.543068 00010001 00000011
-104.410029 39.435974 01011001 01100011
-77.45031 42.414477 11011011 11100111
-70.772554 38.826414 11111001 11101011
-111.919104 35.075862 00110110 00011110
-68.276338 32.318251 11110100 10111010
-77.599491 31.430299 11010011 10100111
-116.151186 33.101507 00100101 00011001
-81.808933 38.128662 11001000 11100000
-111.230345 29.916588 00110010 00001110
-89.466127 27.544576 10100001 10001001
-113.979771 44.472861 00111101 01011011
-123.593151 45.558682 00001101 01010001
-111.813409 35.644721 00110110 00011110
-68.935429 36.330656 11110111 10111111
-72.896838 47.39261 11101111 11111101
-86.306786 30.712457 10100011 10001101
-93.309746 33.018731 10000101 10010001
-80.795175 45.599938 11001101 11110001
-86.183841 41.899287 10101011 11001101
-100.605756 29.988766 01100010 00101100
-92.388676 34.920715 10010110 10010110
-85.087243 27.969907 10110001 10001011
-105.304796 33.516789 01010101 00110011
-82.980367 42.344733 10111011 11001111
-119.274219 41.963283 00011011 01000111
-99.246023 38.721348 01111001 01101011
-122.856887 39.833888 00001001 01000001
-114.510769 29.814509 00100010 00001100
-91.282039 27.843382 10010001 10000011
-76.126618 43.129126 11011100 11110010
-97.338309 35.91413 01110111 00111111
-98.149053 39.432247 01111001 01101011
-96.407629 38.729476 10001001 11000001
-106.579109 37.969137 01011000 01100010
-76.985097 47.533827 11011111 11110111
-113.668676 39.68135 00111001 01001011
-104.611731 44.382781 01011101 01110011
-76.968915 33.595153 11010101 10110011
-79.599076 31.664946 11000100 10110000
-73.135409 27.771599 11100001 10101001
-102.425461 33.679104 01100101 00111001
-82.639586 27.400776 10110001 10001011
-95.303824 44.687111 10001101 11010001
-121.576309 32.854704 00000100 00010000
-72.628986 43.243261 11101100 11111000
-114.748942 44.410173 00101101 01011001
-99.789346 44.913058 01111101 01111011
-124.705345 30.634913 00000011 00000101
-104.718119 32.613351 01010100 00110010
-101.159699 36.679879 01100111 00111101
-121.197547 32.386552 00010100 00010010
-103.034556 26.585176 01100000 00101000
-71.95182 37.652604 11101000 11101000
-123.129909 45.710444 00001101 01010001
-118.982706 41.991396 00011011 01000111
-82.35044 37.930341 11001000 11100000
-105.076487 31.131241 01010011 00100111
-76.32858 37.347085 11011000 11100010
-122.823478 48.258156 00001111 01010101
-99.294984 39.631442 01111001 01101011
-116.91006 47.862332 00101111 01011101
-121.556451 29.840719 00000010 00000100
-83.82296 44.502141 10111101 11011011
-85.052791 34.202622 10110101 10011011
-92.398264 27.047567 10010000 10000010
-110.250797 27.602962 01000001 00100001
-114.126616 34.569016 00110110 00011110
-87.201066 29.606599 10100010 10001100
-77.400807 34.783767 11010110 10110110
-110.929937 26.401136 00110000 00001010
-84.225724 30.457012 10110011 10001111
-100.707497 35.215428 01100110 00111100
-77.304315 47.370844 11011111 11110111
-93.314158 30.043408 10000011 10000101
-97.641135 28.151712 01110001 00101011
-78.566759 41.381085 11011010 11100110
-93.306272 43.83946 10001100 11010000
-85.213858 38.187689 10111000 11001010
-95.816185 26.273761 10000000 10000000
-122.543734 45.629172 00001101 01010001
-72.253129 31.289134 11100011 10101101
-81.875256 31.150741 11000011 10100101
-100.422023 44.127957 01101100 01111000
-112.903827 45.482542 00111101 01011011
-96.814156 35.816831 01110111 00111111
-91.537163 44.554657 10011101 11010011
-93.958718 40.132184 10001010 11000100
-122.593258 39.796797 00001001 01000001
-92.986917 36.565086 10010111 10010111
-76.983904 34.911004 11010110 10110110
-120.708625 41.870786 00011011 01000111
-122.052295 30.801915 00000011 00000101
-96.164997 35.79212 10000111 10010101
-87.417358 40.70391 10101010 11001100
-123.509961 44.234147 00001100 01010000
-73.27847 27.501227 11100001 10101001
-73.196821 48.004151 11101111 11111101
-77.668976 41.138332 11011010 11100110
-71.765821 45.796534 11111110 11111110
-83.908909 25.797687 10110000 10001010
-86.86115 42.455342 10101011 11001101
-121.958412 41.207166 00001010 01000100
-120.672448 35.48867 00010110 00010110
-107.647466 42.493136 01001011 01100101
-79.534049 27.678107 11000001 10100001
-79.584182 40.47921 11001010 11100100
-78.192855 39.905096 11011001 11100011
-75.915932 26.752907 11010000 10100010
-83.586873 41.769713 10111011 11001111
-108.555696 27.751506 01000001 00100001
-118.157767 26.119605 00010000 00000010
-82.250854 35.255016 11000110 10110100
-124.567256 48.351725 00001111 01010101
-71.854042 31.929041 11100100 10111000
-107.469442 41.735867 01001011 01100101
-107.816788 47.090018 01001110 01110100
-72.754043 38.197033 11101000 11101000
-83.855023 33.578081 10110101 10011011
-92.347964 28.173118 10010001 10000011
-113.055325 47.66332 00111111 01011111
-106.309903 35.712341 01010110 00110110
-70.810626 28.494591 11110001 10101011
-112.711397 32.084796 00110100 00011010
-108.424343 48.07582 01001111 01110101
-124.228452 45.434013 00001101 01010001
-79.001083 34.498902 11000110 10110100
-111.963577 32.732514 00110100 00011010
-74.916297 42.249231 11101011 11101101
-105.797756 28.990992 01010010 00100110
-101.964391 45.349365 01101101 01111001
-93.896246 42.781492 10001011 11000101
-87.405302 45.319275 10101101 11011001
-94.259162 30.288717 10000011 10000101
-73.431527 34.21322 11100101 10111001
-75.226358 36.332231 11100111 10111101
-116.094226 27.893685 00100001 00001001
-71.472666 37.644865 11111000 11101010
-84.001499 47.60084 10111111 11011111
-93.256146 44.415638 10001101 11010001
-82.743024 48.026015 10111111 11011111
-92.045693 38.776755 10011001 11000011
-91.131792 48.264523 10011111 11010111
-119.515925 34.980858 00010110 00010110
-93.43872 26.93801 10000000 10000000
-112.331381 47.642767 00111111 01011111
-120.438123 47.268191 00011111 01010111
-69.786949 39.680131 11111001 11101011
-112.97793 45.014563 00111101 01011011
-94.888149 27.165597 10000001 10000001
-88.924661 41.283492 10101010 11001100
-113.227364 26.799584 00110000 00001010
-121.221998 31.674208 00010100 00010010
-117.302253 47.514935 00101111 01011101
-105.646751 39.45478 01011001 01100011
-93.061573 38.676372 10001001 11000001
-112.77988 27.534313 00110001 00001011
-82.450774 29.035117 10110010 10001110
-121.2005 38.700284 00011001 01000011
-77.912504 47.054441 11011110 11110110
-110.946461 35.009365 00110110 00011110
-120.904324 41.95428 00011011 01000111
-84.764796 47.711745 10111111 11011111
-93.811783 34.714459 10000110 10010100
-99.251069 44.667947 01111101 01111011
-122.161399 31.772735 00000100 00010000
-119.368856 42.612215 00011011 01000111
-91.908815 35.395635 10010110 10010110
-70.617055 42.075134 11111011 11101111
-104.352265 26.498822 01010000 00100010
-76.104828 26.0039 11010000 10100010
-92.556158 35.971459 10010111 10010111
-123.02299 40.165248 00001010 01000100
-106.613402 44.261268 01011100 01110010
-81.730654 30.417161 11000011 10100101
-80.269858 29.983119 11000010 10100100
-87.880599 44.208284 10101100 11011000
-114.473261 40.392417 00101010 01001100
-88.092009 36.584269 10100111 10011101
-115.438988 30.3474 00100011 00001101
-110.049094 29.274865 01000010 00100100
-74.860172 39.283247 11101001 11101001
-96.949842 44.916438 01111101 01111011
-108.056588 40.381696 01001010 01100100
-95.858823 34.354064 10000110 10010100
-97.084023 29.960466 01110010 00101110
-86.425409 26.22923 10100000 10001000
-124.27066 42.250619 00001011 01000101
-82.036473 31.344813 11000011 10100101
-110.984012 34.177494 00110101 00011011
-119.542672 45.772075 00011101 01010011
-81.935856 36.477859 11000111 10110101
-72.339981 33.832982 11100101 10111001
-72.49954 41.586178 11101011 11101101
-105.800441 45.099834 01011101 01110011
-103.814146 32.312897 01010100 00110010
-97.334744 29.623644 01110010 00101110
-100.943563 27.727875 01100001 00101001
-80.838398 47.86458 11001111 11110101
-71.432552 36.997863 11110111 10111111
-120.269862 37.241954 00011000 01000010
-78.121146 28.694039 11010010 10100110
-120.392112 35.429728 00010110 00010110
-95.619762 39.959076 10001001 11000001
-88.93218 28.700013 10100010 10001100
-123.943109 45.334636 00001101 01010001
-112.33263 44.15532 00111100 01011010
-69.883583 34.270729 11110101 10111011
-89.728464 40.681996 10011010 11000110
-81.284656 33.019176 11000101 10110001
-122.130837 45.790644 00001101 01010001
-123.357058 32.696978 00000100 00010000
-101.652175 33.08257 01100101 00111001
-89.663958 44.90439 10011101 11010011
-78.217105 43.34808 11011100 11110010
-95.146867 25.950295 10000000 10000000
-85.392161 48.598017 10111111 11011111
-107.998437 36.054629 01000111 00110101
-105.868688 32.592019 01010100 00110010
-110.239343 34.333103 01000110 00110100
-114.721511 28.843275 00100010 00001100
-105.085962 38.877636 01011001 01100011
-90.066116 30.059317 10010011 10000111
-100.999446 39.650038 01101001 01101001
-76.398859 29.171326 11010010 10100110
-83.267455 45.703686 10111101 11011011
-99.174546 47.138793 01111110 01111110
-101.381688 30.436057 01100011 00101101
-93.300448 33.019157 10000101 10010001
-97.341208 35.519873 01110110 00111110
-96.787245 28.481669 01110001 00101011
-118.1883 42.187064 00011011 01000111
-94.112874 46.626616 10001110 11010100
-109.722762 47.105465 01001110 01110100
-77.352958 27.330881 11010001 10100011
-71.00569 28.001657 11110001 10101011
-106.032046 28.531754 01010001 00100011
-91.429772 28.55593 10010001 10000011
-81.319663 42.794069 11001011 11100101
-124.367377 44.348247 00001100 01010000
-111.988079 46.522431 00111110 01011110
-85.965304 26.613936 10100000 10001000
-99.520903 26.78451 01110000 00101010
-108.421438 31.805535 01000100 00110000
-105.123361 44.570816 01011101 01110011
-93.730397 40.262089 10001010 11000100
-117.462589 43.817653 00101100 01011000
-90.183783 28.711038 10010010 10000110
-102.547478 39.22924 01101001 01101001
-98.828224 30.974778 01110011 00101111
-81.84645 43.032002 11001100 11110000
-121.202995 27.26253 00010001 00000011
-83.296963 27.920716 10110001 10001011
-102.854954 45.107117 01101101 01111001
-92.054483 39.334675 10011001 11000011
-68.638701 45.888101 11111110 11111110
-73.162439 31.32489 11100011 10101101
-123.074515 45.72097 00001101 01010001
-81.471845 36.387087 11000111 10110101
-104.18237 42.384105 01011011 01100111
-119.227265 29.340011 00010010 00000110
-76.060571 43.220652 11011100 11110010
-72.148229 41.522652 11101011 11101101
-124.100075 26.330589 00000000 00000000
-94.560155 48.123062 10001111 11010101
-94.842112 33.849235 10000101 10010001
-82.73425 47.682396 10111111 11011111
-84.378888 45.576907 10111101 11011011
-91.920282 40.367207 10011010 11000110
-118.073808 30.382367 00010011 00000111
-75.325551 26.347898 11100000 10101000
-109.58952 32.076932 01000100 00110000
-95.443167 44.994535 10001101 11010001
-109.226992 45.137504 01001101 01110001
-74.308461 30.208443 11100011 10101101
-83.004208 39.008343 10111001 11001011
-75.518895 39.119311 11011001 11100011
-69.654824 30.441881 11110011 10101111
-81.298948 31.446838 11000011 10100101
-79.199144 47.651931 11001111 11110101
-88.035465 39.211496 10101001 11001001
-82.053703 36.556973 11000111 10110101
-116.369538 27.64003 00100001 00001001
-81.940955 46.855357 11001110 11110100
-91.316105 28.386267 10010001 10000011
-92.827172 40.231304 10011010 11000110
-90.021763 39.409242 10011001 11000011
-70.788232 45.988397 11111110 11111110
-116.84939 41.752389 00101011 01001101
-69.492666 37.718216 11111000 11101010
-82.723558 26.14476 10110000 10001010
-81.140728 48.056864 11001111 11110101
-86.961392 38.833201 10101001 11001001
-100.029903 41.395021 01111010 01101110
-73.976095 34.184843 11100101 10111001
-74.114857 37.301579 11101000 11101000
-114.398248 40.399825 00101010 01001100
-104.484073 37.641069 01011000 01100010
-107.075656 32.061879 01010100 00110010
-92.842486 46.757624 10011110 11010110
-93.115143 29.923571 10000010 10000100
-105.20724 32.567054 01010100 00110010
-110.948769 26.837506 00110000 00001010
-79.827333 44.297006 11001100 11110000
-116.423779 38.528318 00101000 01001000
-92.741817 31.536184 10010100 10010010
-88.31229 36.422311 10100111 10011101
-74.158926 42.929367 11101100 11111000
-97.465031 40.39288 01111010 01101110
-108.175957 41.069047 01001010 01100100
-120.474219 36.379922 00010111 00010111
-90.590719 44.718171 10011101 11010011
-86.483602 44.867423 10101101 11011001
-70.566066 28.847238 11110010 10101110
-104.649215 38.680403 01011001 01100011
-68.422662 38.930006 11111001 11101011
-124.047668 27.014468 00000000 00000000
-90.418164 33.103082 10010101 10010011
-84.541687 40.135296 10111010 11001110
-74.671466 42.837017 11101011 11101101
-113.761007 30.122417 00110011 00001111
-93.76543 36.282427 10000111 10010101
-119.821443 32.121322 00010100 00010010
-75.750247 39.738328 11011001 11100011
-86.088796 30.62168 10100011 10001101
-120.309675 37.659303 00011000 01000010
-90.847422 28.669047 10010010 10000110
-111.147486 46.729761 00111110 01011110
-92.44531 32.872743 10010100 10010010
-88.216737 35.306561 10100110 10011100
-123.681961 42.916929 00001011 01000101
-121.311534 33.314976 00010101 00010011
-98.401088 27.73022 01110001 00101011
-98.854242 47.0656 01111110 01111110
-88.710681 30.42696 10100011 10001101
-112.779534 32.54335 00110100 00011010
-71.035965 28.641862 11110010 10101110
-91.6383 48.22008 10011111 11010111
-80.864129 44.896369 11001101 11110001
-70.061816 35.166354 11110110 10111110
-110.068088 26.327296 01000000 00100000
-77.813698 43.855505 11011100 11110010
-82.604246 45.871241 10111110 11011110
-83.195938 28.642011 10110010 10001110
-68.625341 31.693372 11110100 10111010
-113.428514 48.132451 00111111 01011111
-122.389766 37.255767 00001000 01000000
-80.915093 34.252258 11000101 10110001
-81.141736 28.335245 11000001 10100001
-87.017115 26.986954 10100000 10001000
-115.729881 43.385582 00101100 01011000
-96.33083 44.792243 10001101 11010001
-122.022582 31.96166 00000100 00010000
-70.445076 48.149354 11111111 11111111
-99.183367 26.875559 01110000 00101010
-88.840936 27.682327 10100001 10001001
-101.77042 38.298491 01101000 01101000
-91.445745 31.041102 10010011 10000111
-117.703516 37.138366 00100111 00011101
-77.486852 36.702655 11010111 10110111
-124.85691 41.420375 00001010 01000100
-72.654036 44.683415 11101101 11111001
-92.649398 30.189068 10010011 10000111
-85.144369 38.76906 10111001 11001011
-121.018599 27.936182 00010001 00000011
-118.553006 45.89002 00011110 01010110
-72.456731 43.128172 11101100 11111000
-73.830123 33.065467 11100101 10111001
-81.025851 47.548559 11001111 11110101
-73.255155 46.83944 11101110 11111100
-123.99206 31.52241 00000100 00010000
-122.099607 41.718614 00001011 01000101
-70.465005 47.594759 11111111 11111111
-72.740121 25.714011 11100000 10101000
-99.329711 36.969181 01110111 00111111
-103.209802 29.661443 01100010 00101100
-78.932278 44.82925 11001101 11110001
-91.092605 39.064677 10011001 11000011
-119.746082 47.305496 00011111 01010111
-85.93439 43.574076 10111100 11011010
-78.139833 38.195812 11011000 11100010
-98.128959 44.167376 01111100 01111010
-82.779987 42.716821 10111011 11001111
-71.014327 41.838913 11111011 11101111
-71.187322 45.308854 11111101 11111011
-104.855635 28.617355 01010010 00100110
-101.460641 37.822662 01101000 01101000
-116.993531 28.470116 00100001 00001001
-114.619115 28.585094 00100010 00001100
-72.672839 38.02332 11101000 11101000
-113.346058 28.361223 00110001 00001011
-117.429168 46.267918 00101110 01011100
-96.294338 43.900564 10001100 11010000
-119.393554 36.529437 00010111 00010111
-100.538605 34.125014 01100101 00111001
-108.013287 26.29909 01000000 00100000
-96.907982 30.684931 01110011 00101111
-85.225459 34.529962 10110110 10011110
-101.817724 47.394226 01101111 01111101
-101.946668 30.999337 01100011 00101101
-93.111157 34.711656 10000110 10010100
-97.936788 34.306803 01110101 00111011
-77.466449 26.52147 11010000 10100010
-93.21501 45.303645 10001101 11010001
-103.224223 30.221256 01100011 00101101
-110.716663 40.644283 00111010 01001110
-83.946722 37.913641 10111000 11001010
-87.360413 34.040047 10100101 10011001
-86.102722 42.592576 10101011 11001101
-119.051434 41.089755 00011010 01000110
-110.520557 39.697512 01001001 01100001
-100.646587 27.327449 01100001 00101001
-111.248765 40.094499 00111010 01001110
-84.169263 41.445929 10111010 11001110
-115.337868 28.775923 00100010 00001100
-105.603883 33.427021 01010101 00110011
-90.277102 47.965302 10011111 11010111
-84.227016 27.470122 10110001 10001011
-86.107878 44.247102 10101100 11011000
-120.205238 36.139884 00010111 00010111
-73.22935 28.410884 11100001 10101001
-88.573225 32.447766 10100100 10011000
-113.579383 37.921715 00111000 01001010
-77.187223 39.912227 11011001 11100011
-89.326123 33.292775 10100101 10011001
-99.008337 35.939387 01110111 00111111
-89.706447 26.298299 10010000 10000010
-89.841424 45.074738 10011101 11010011
-108.396133 44.290325 01001100 01110000
-74.48996 39.233537 11101001 11101001
-103.718963 33.367694 01010101 00110011
-119.249694 37.018905 00010111 00010111
-86.749553 40.732275 10101010 11001100
-89.48768 37.824892 10101000 11001000
-78.67783 37.298822 11011000 11100010
-71.287819 28.270301 11110001 10101011
-69.609093 43.362053 11111100 11111010
-99.875503 37.654116 01111000 01101010
-120.468129 34.480785 00010110 00010110
-104.725046 39.183378 01011001 01100011
-102.394483 44.375251 01101101 01111001
-88.361489 40.057016 10101010 11001100
-120.815171 28.799742 00010010 00000110
-93.322291 31.856315 10000100 10010000
-104.156211 46.169581 01011110 01110110
-83.504513 38.118128 10111000 11001010
-81.744461 46.390422 11001110 11110100
-94.307431 39.082237 10001001 11000001
-85.889443 43.458841 10111100 11011010
-120.259852 42.022062 00011011 01000111
-91.192147 40.85361 10011010 11000110
-88.60333 45.0005 10101101 11011001
-78.952308 28.027677 11000001 10100001
-88.783251 28.9861 10100010 10001100
-103.807961 31.494173 01010100 00110010
-79.224262 34.461326 11000110 10110100
-100.494509 30.641589 01100011 00101101
-73.475538 45.738352 11101101 11111001
-82.877141 32.022853 10110100 10011010
-109.571582 47.76862 01001111 01110101
-84.344627 47.213701 10111110 11011110
-103.034079 31.11853 01100011 00101101
-72.733579 35.87166 11100111 10111101
-118.815253 31.905636 00010100 00010010
-97.960999 46.477024 01111110 01111110
-100.866052 29.71567 01100010 00101100
-112.784675 45.953988 00111110 01011110
-89.181007 44.225423 10101100 11011000
-84.870795 44.492127 10111101 11011011
-74.345139 38.984743 11101001 11101001
-102.751051 42.865893 01101011 01101101
-75.007523 45.585743 11101101 11111001
-119.011607 31.60454 00010100 00010010
-97.595221 32.308629 01110100 00111010
-123.533878 36.969637 00000111 00010101
-96.036789 32.771155 10000100 10010000
-110.492953 39.076946 01001001 01100001
-104.947601 42.955979 01011100 01110010
-101.906916 27.693905 01100001 00101001
-112.584193 45.846812 00111110 01011110
-98.537655 43.838205 01111100 01111010
-71.960232 36.701783 11100111 10111101
-79.459779 38.148519 11001000 11100000
-95.009044 32.246404 10000100 10010000
-103.731088 27.691524 01010001 00100011
-119.945286 34.528833 00010110 00010110
-103.87929 26.538896 01010000 00100010
-120.25896 47.956601 00011111 01010111
-81.824918 34.830575 11000110 10110100
-98.467605 44.530132 01111101 01111011
-110.569806 28.801548 01000010 00100100
-78.001274 35.402255 11010110 10110110
-108.734643 47.666745 01001111 01110101
-70.634007 39.79248 11111001 11101011
-124.088614 39.318796 00001001 01000001
-98.735133 31.714621 01110100 00111010
-115.802831 40.626784 00101010 01001100
-112.937638 41.758245 00111011 01001111
-78.100454 35.504199 11010110 10110110
-113.630997 42.724682 00111011 01001111
-115.811141 43.813185 00101100 01011000
-76.133603 48.429647 11011111 11110111
-95.258805 27.5135 10000001 10000001
-95.252441 31.548885 10000100 10010000
-83.940214 38.212916 10111000 11001010
-78.261055 48.570104 11011111 11110111
-71.932864 41.815616 11101011 11101101
-76.825351 36.724765 11010111 10110111
-105.953966 34.464311 01010110 00110110
-119.301173 32.874772 00010100 00010010
-83.840846 44.468006 10111101 11011011
-117.734934 30.375484 00100011 00001101
-78.853532 35.239291 11010110 10110110
-73.102709 37.290577 11101000 11101000
-109.846138 45.593042 01001101 01110001
-106.956693 38.198282 01011000 01100010
-89.977656 44.145671 10011100 11010010
-87.318542 28.287793 10100001 10001001
-68.980764 35.974414 11110111 10111111
-107.910919 31.303581 01000011 00100101
-81.383253 47.011161 11001110 11110100
-124.691323 36.429852 00000111 00010101
-124.376305 34.283616 00000101 00010001
-112.252175 47.139332 00111110 01011110
-92.515661 34.103199 10010101 10010011
-84.215728 43.007729 10111100 11011010
-79.731187 26.187772 11000000 10100000
-95.224942 43.829516 10001100 11010000
-77.892711 34.055872 11010101 10110011
-102.073622 32.590994 01100100 00111000
-120.32489 44.821333 00011101 01010011
-76.58703 44.267687 11011100 11110010
-73.584667 44.695657 11101101 11111001
-79.460758 34.308369 11000101 10110001
-113.685375 31.427174 00110011 00001111
-73.224386 48.497229 11101111 11111101
-92.029739 40.113659 10011010 11000110
-85.259031 45.758855 10111101 11011011
-88.817431 44.055056 10101100 11011000
-80.682719 28.135321 11000001 10100001
-105.86248 34.334277 01010110 00110110
-93.350058 29.225652 10000010 10000100
-95.044522 37.899358 10001000 11000000
-88.132752 32.715622 10100100 10011000
-102.430555 41.077221 01101010 01101100
-83.364421 47.137427 10111110 11011110
-98.644259 37.528466 01111000 01101010
-124.155724 45.54949 00001101 01010001
-92.898858 30.96313 10010011 10000111
-124.826737 39.52437 00001001 01000001
-115.979507 40.563207 00101010 01001100
-109.591583 35.37083 01000110 00110100
-86.689647 31.861895 10100100 10011000
-111.472276 37.626963 00111000 01001010
-122.484513 39.169364 00001001 01000001
-103.706991 40.967802 01011010 01100110
-110.489781 46.307115 01001110 01110100
-88.581155 45.825341 10101110 11011100
-115.621739 31.242347 00100011 00001101
-88.384922 28.760178 10100010 10001100
-78.176989 34.012355 11010101 10110011
-93.598916 36.50563 10000111 10010101
-103.643866 45.545368 01011101 01110011
-118.795942 45.386521 00011101 01010011
-118.746146 35.804923 00010111 00010111
-70.737234 33.036876 11110101 10111011
-117.825289 36.572727 00010111 00010111
-82.421546 46.386563 10111110 11011110
-108.134268 34.185307 01000101 00110001
-120.396526 34.243168 00010101 00010011
-75.601422 26.26112 11010000 10100010
-73.419022 36.50599 11100111 10111101
-98.788015 32.091617 01110100 00111010
-122.901557 42.006258 00001011 01000101
-97.136835 36.465438 01110111 00111111
-91.705377 29.093119 10010010 10000110
-117.727196 30.185683 00100011 00001101
-104.49483 38.029029 01011000 01100010
-75.912783 39.697889 11011001 11100011
-75.407993 48.121343 11011111 11110111
-69.080103 34.339654 11110110 10111110
-101.974422 47.254284 01101111 01111101
-113.025973 35.952438 00110111 00011111
-77.856457 39.269982 11011001 11100011
-80.377605 45.385791 11001101 11110001
-69.590842 45.720154 11111101 11111011
-91.25556 37.740656 10011000 11000010
-120.7783 32.803157 00010100 00010010
-101.459808 45.486866 01101101 01111001
-105.571128 27.69709 01010001 00100011
-93.105703 40.697761 10001010 11000100
-120.206198 28.478382 00010001 00000011
-107.759153 47.011832 01001110 01110100
-87.893157 42.334707 10101011 11001101
-86.45762 31.477472 10100100 10011000
-83.453134 44.330837 10111100 11011010
-103.16675 34.911784 01100110 00111100
-114.393671 28.732899 00100010 00001100
-103.491364 36.761065 01100111 00111101
-80.353097 26.446201 11000000 10100000
-72.295615 31.115731 11100011 10101101
-111.550624 27.077698 00110000 00001010
-99.59983 32.206134 01110100 00111010
-110.958656 25.721072 00110000 00001010
-79.21228 46.304028 11001110 11110100
-98.885822 42.784819 01111011 01101111
-119.135779 35.001526 00010110 00010110
-113.87268 40.148693 00111010 01001110
-76.011956 37.435916 11011000 11100010
-99.341884 38.685582 01111001 01101011
-88.141532 37.744491 10101000 11001000
-97.566767 33.478006 01110101 00111011
-103.709545 33.038609 01010101 00110011
-78.792802 46.490444 11011110 11110110
-103.989494 39.515833 01011001 01100011
-70.996631 37.056938 11110111 10111111
-81.703457 46.859571 11001110 11110100
-89.968474 37.76574 10011000 11000010
-102.447699 41.163326 01101010 01101100
-118.342367 34.59745 00010110 00010110
-120.215404 42.790329 00011011 01000111
-119.486057 33.114755 00010101 00010011
-121.308584 34.954444 00010110 00010110
-115.433427 47.817767 00101111 01011101
-121.171252 41.532358 00011011 01000111
-85.539584 38.877217 10111001 11001011
-103.773926 44.803469 01011101 01110011
-71.080634 26.554095 11110000 10101010
-73.177275 46.562528 11101110 11111100
-121.566385 45.300911 00001101 01010001
-123.683974 47.361411 00001111 01010101
-122.055864 38.868453 00001001 01000001
-103.974261 31.018116 01010011 00100111
-104.07589 40.923194 01011010 01100110
-87.986388 45.210715 10101101 11011001
-98.298034 41.763306 01111011 01101111
-122.644148 45.351721 00001101 01010001
-95.090642 35.25004 10000110 10010100
-76.994577 40.305766 11011010 11100110
-97.729601 38.179942 01111000 01101010
-103.757496 37.419898 01011000 01100010
-123.1236 45.233101 00001101 01010001
-86.767409 29.277122 10100010 10001100
-121.160731 40.196396 00011010 01000110
-114.263591 36.757012 00100111 00011101
-124.049339 28.345414 00000001 00000001
-96.157598 34.025939 10000101 10010001
-119.887946 38.292677 00011000 01000010
-117.307344 38.116399 00101000 01001000
-75.210426 42.981046 11101100 11111000
-113.29661 27.619967 00110001 00001011
-85.813482 44.132561 10111100 11011010
-122.579337 26.825819 00000000 00000000
-118.153192 38.294411 00011000 01000010
-86.603345 37.074419 10100111 10011101
-84.469217 33.499538 10110101 10011011
-88.495618 31.305927 10100011 10001101
-98.324213 43.096111 01111100 01111010
-105.247905 47.264607 01011111 01110111
-74.675012 47.825585 11101111 11111101
-79.376354 48.462472 11001111 11110101
-114.022322 37.522858 00111000 01001010
-69.215511 28.874144 11110010 10101110
-106.671101 48.416149 01011111 01110111
-69.544052 27.76042 11110001 10101011
-98.469793 33.796606 01110101 00111011
-73.589229 33.030992 11100101 10111001
-100.301407 44.583087 01101101 01111001
-106.992281 38.615099 01011000 01100010
-119.159989 39.620579 00011001 01000011
-88.377107 30.60383 10100011 10001101
-83.276921 43.892252 10111100 11011010
-94.8973 30.613175 10000011 10000101
-100.957281 29.30152 01100010 00101100
-85.534452 35.73703 10110110 10011110
-121.053591 37.11261 00010111 00010111
-106.030484 29.438887 01010010 00100110
-119.307646 34.788884 00010110 00010110
-116.779514 31.922929 00100100 00011000
-80.69047 28.405213 11000001 10100001
-121.225726 47.775908 00011111 01010111
-79.585315 37.42432 11001000 11100000
-92.038659 36.010035 10010111 10010111
-124.469834 40.55615 00001010 01000100
-75.896694 34.750343 11010110 10110110
-119.844216 30.340343 00010011 00000111
-73.508547 29.175772 11100010 10101100
-85.733714 42.667045 10111011 11001111
-89.935675 26.528014 10010000 10000010
-89.486541 42.175426 10101011 11001101
-105.46726 26.778719 01010000 00100010
-110.094604 47.435881 01001111 01110101
-85.486531 29.543735 10110010 10001110
-77.742889 40.570055 11011010 11100110
-114.370492 45.954034 00101110 01011100
-75.859323 35.480576 11010110 10110110
-97.816409 42.00828 01111011 01101111
-100.283543 32.330058 01100100 00111000
-86.944203 44.43006 10101101 11011001
-72.359221 44.330384 11101100 11111000
-98.973378 35.580509 01110110 00111110
-75.837974 36.855692 11010111 10110111
-94.098305 35.610128 10000110 10010100
-106.107245 45.126239 01011101 01110011
-81.315515 43.397286 11001100 11110000
-100.628038 43.748554 01101100 01111000
-77.309129 28.124214 11010001 10100011
-69.960138 38.01875 11111000 11101010
-73.891521 33.185141 11100101 10111001
-114.825459 35.381673 00100110 00011100
-85.663649 30.472255 10110011 10001111
-95.984815 26.677341 10000000 10000000
-103.748097 29.333835 01010010 00100110
-68.867229 28.183506 11110001 10101011
-72.685691 35.684944 11100110 10111100
-114.438241 31.601841 00100100 00011000
-111.973182 45.334388 00111101 01011011
-72.845565 46.210113 11101110 11111100
-92.251457 35.36521 10010110 10010110
-117.275744 26.659938 00100000 00001000
-113.24317 36.75135 00110111 00011111
-69.616889 33.203186 11110101 10111011
-93.692697 40.891774 10001010 11000100
-105.90193 34.67733 01010110 00110110
-89.455741 33.775697 10100101 10011001
-85.351974 26.637769 10110000 10001010
-73.03919 41.673065 11101011 11101101
-101.874013 33.969792 01100101 00111001
-119.235641 45.156777 00011101 01010011
-99.284455 35.064796 01110110 00111110
-90.797263 35.842876 10010111 10010111
-86.28578 36.592427 10100111 10011101
-103.784189 33.659446 01010101 00110011
-112.254549 33.462414 00110101 00011011
-88.001428 38.565549 10101000 11001000
-81.941285 36.181735 11000111 10110101
-79.798117 41.941813 11001011 11100101
-81.81862 35.506243 11000110 10110100
-106.54224 42.232625 01011011 01100111
-104.207691 38.336278 01011000 01100010
-116.347696 40.081526 00101010 01001100
-105.315149 39.460122 01011001 01100011
-69.816817 41.577291 11111011 11101111
-79.579565 35.123202 11000110 10110100
-79.728868 40.643602 11001010 11100100
-118.818346 28.453854 00010001 00000011
-82.45258 31.63356 10110100 10011010
-103.313288 37.639795 01101000 01101000
-99.875951 38.564779 01111000 01101010
-80.471742 33.656156 11000101 10110001
-75.175352 26.647145 11100000 10101000
-107.4318 34.004898 01000101 00110001
-119.989588 33.580859 00010101 00010011
-121.805274 45.626232 00001101 01010001
-99.244994 36.264405 01110111 00111111
-118.649083 28.388755 00010001 00000011
-117.211552 25.951992 00100000 00001000
-121.400384 42.971728 00001100 01010000
-99.072229 30.999833 01110011 00101111
-104.886865 37.114997 01010111 00110111
-70.109878 26.829498 11110000 10101010
-91.067391 36.341687 10010111 10010111
-70.253499 48.345407 11111111 11111111
-89.27699 35.25716 10100110 10011100
-83.617718 34.721231 10110110 10011110
-100.079866 40.162352 01111010 01101110
-106.290511 44.813285 01011101 01110011
-73.205886 39.913692 11101001 11101001
-94.630699 35.595273 10000110 10010100
-83.979774 31.702524 10110100 10011010
-101.186022 46.949585 01101110 01111100
-109.360097 26.444374 01000000 00100000
-82.606423 41.652371 10111011 11001111
-74.548422 30.297023 11100011 10101101
-71.143546 35.451599 11110110 10111110
-92.749431 39.049101 10011001 11000011
-95.947141 38.637484 10001001 11000001
-90.132879 38.358226 10011000 11000010
-111.633851 37.585754 00111000 01001010
-114.639017 35.528428 00100110 00011100
-110.165173 38.019481 01001000 01100000
-102.539928 39.500854 01101001 01101001
-85.39224 38.31241 10111000 11001010
-117.730449 28.645952 00100010 00001100
-97.68788 33.965129 01110101 00111011
-73.047922 31.623114 11100100 10111000
-72.946037 41.433462 11101010 11101100
-81.223205 48.184384 11001111 11110101
-89.068146 38.869444 10101001 11001001
-119.895698 34.046542 00010101 00010011
-70.713615 47.343151 11111111 11111111
-108.953536 46.844243 01001110 01110100
-82.692319 45.149538 10111101 11011011
-84.516522 32.963643 10110101 10011011
-108.776465 45.804918 01001110 01110100
-101.508629 42.207079 01101011 01101101
-75.227278 44.397606 11101101 11111001
-122.306917 33.330405 00000101 00010001
-89.515571 41.263498 10011010 11000110
-88.672152 43.687705 10101100 11011000
-106.04658 48.194097 01011111 01110111
-117.057012 32.905467 00100101 00011001
-86.653008 48.005606 10101111 11011101
-84.074905 46.692529 10111110 11011110
-111.099006 41.086235 00111010 01001110
-82.410101 42.829863 11001011 11100101
-82.98959 27.858503 10110001 10001011
-83.737174 36.327773 10110111 10011111
-74.520436 47.322804 11101111 11111101
-81.61419 31.510088 11000100 10110000
-69.330615 31.887894 11110100 10111010
-112.037228 46.033445 00111110 01011110
-72.593041 44.131219 11101100 11111000
-95.485114 36.121978 10000111 10010101
-115.094446 40.391184 00101010 01001100
-78.85682 35.508276 11010110 10110110
-97.764498 28.435187 01110001 00101011
-113.683293 37.868925 00111000 01001010
-94.002824 43.725478 10001100 11010000
-103.030041 42.513166 01101011 01101101
-124.773836 27.629666 00000001 00000001
-100.879979 37.019148 01100111 00111101
-92.859608 25.926031 10010000 10000010
-87.638275 37.015733 10100111 10011101
-95.125009 30.0747 10000011 10000101
-95.117378 36.60073 10000111 10010101
-110.445163 34.422192 01000110 00110100
-116.591035 45.726527 00101101 01011001
-123.544535 31.188478 00000011 00000101
-96.902833 37.030021 01110111 00111111
-70.000792 30.512991 11110011 10101111
-95.338968 32.961297 10000101 10010001
-101.123982 26.201968 01100000 00101000
-94.666478 26.96406 10000000 10000000
-102.6313 36.671509 01100111 00111101
-93.619409 38.448122 10001000 11000000
-78.47164 48.233489 11011111 11110111
-111.407107 40.394822 00111010 01001110
-75.936958 35.268736 11010110 10110110
-122.494813 26.473816 00000000 00000000
-94.958957 32.900796 10000101 10010001
-76.819348 39.202288 11011001 11100011
-121.219247 33.974865 00010101 00010011
-118.982438 43.22341 00011100 01010010
-98.838389 42.106123 01111011 01101111
-81.726774 29.330062 11000010 10100100
-96.111604 43.556327 10001100 11010000
-78.455182 39.126203 11011001 11100011
-89.585393 29.93982 10010010 10000110
-100.906555 38.481271 01101000 01101000
-109.951565 32.708206 01000100 00110000
-76.842469 29.197719 11010010 10100110
-98.624779 28.303383 01110001 00101011
-123.061465 38.363378 00001000 01000000
-79.587466 37.463933 11001000 11100000
-78.482731 37.247677 11011000 11100010
-69.819477 28.920044 11110010 10101110
-124.119219 45.996434 00001110 01010100
-74.049096 27.221051 11100001 10101001
-101.071664 47.622467 01101111 01111101
-87.950287 29.134991 10100010 10001100
-122.094588 27.02499 00000000 00000000
-118.727889 47.736797 00011111 01010111
-72.765622 30.607913 11100011 10101101
-90.533525 28.241124 10010001 10000011
-92.713767 31.562467 10010100 10010010
-105.750145 36.081313 01010111 00110111
-96.039447 48.419026 10001111 11010101
-109.803496 34.405032 01000110 00110100
-68.824078 26.911167 11110000 10101010
-82.646809 35.760779 10110111 10011111
-111.886167 28.432572 00110001 00001011
-96.082373 37.306644 10001000 11000000
-85.942968 33.60158 10110101 10011011
-107.589939 25.789404 01000000 00100000
-98.032027 30.40339 01110011 00101111
-111.906303 38.555816 00111000 01001010
-91.688276 34.163854 10010101 10010011
-122.713073 27.003226 00000000 00000000
-68.794045 25.838564 11110000 10101010
-83.326217 36.540506 10110111 10011111
-93.307438 26.387405 10000000 10000000
-115.242297 26.414093 00100000 00001000
-120.481001 34.979024 00010110 00010110
-86.009426 46.688192 10101110 11011100
-109.099004 42.98417 01001100 01110000
-114.917381 45.199508 00101101 01011001
-113.528757 38.724673 00111001 01001011
-84.490116 44.149252 10111100 11011010
-123.547699 47.887395 00001111 01010101
-70.03974 37.251344 11111000 11101010
-92.985489 27.175619 10010001 10000011
-113.580891 39.498335 00111001 01001011
-71.720904 47.270864 11111111 11111111
-108.273469 45.497841 01001101 01110001
-109.853504 27.129735 01000000 00100000
-111.136018 29.863229 00110010 00001110
-84.474069 27.663105 10110001 10001011
-84.490935 38.443968 10111000 11001010
-93.771158 35.245024 10000110 10010100
-112.495887 30.738348 00110011 00001111
-114.321949 26.983728 00100000 00001000
-98.756316 27.546973 01110001 00101011
-107.326225 35.199398 01000110 00110100
-73.175919 41.842968 11101011 11101101
-103.755044 46.393552 01011110 01110110
-79.211097 39.739504 11001001 11100001
-98.900576 29.90822 01110010 00101110
-83.964595 34.959901 10110110 10011110
-91.666606 33.457687 10010101 10010011
-94.272888 32.867751 10000100 10010000
-69.670569 31.726705 11110100 10111010
-68.896492 45.790575 11111101 11111011
-78.875528 41.521751 11011011 11100111
-89.278701 34.394125 10100110 10011100
-98.764147 40.803823 01111010 01101110
-116.617956 44.692097 00101101 01011001
-109.527017 34.220604 01000101 00110001
-120.239388 35.212371 00010110 00010110
-79.092713 43.571406 11001100 11110000
-69.44521 37.704076 11111000 11101010
-116.864178 46.636589 00101110 01011100
-90.134772 30.593079 10010011 10000111
-116.459387 48.658922 00101111 01011101
-69.70699 30.064351 11110011 10101111
-82.014899 33.52904 11000101 10110001
-84.183217 36.977774 10110111 10011111
-91.286664 31.467063 10010100 10010010
-101.23301 32.682973 01100100 00111000
-114.312824 36.517064 00100111 00011101
-103.349725 39.880862 01101001 01101001
-101.306728 47.364263 01101111 01111101
-88.394632 48.54007 10101111 11011101
-124.405197 25.80651 00000000 00000000
-82.823403 47.300789 10111111 11011111
-112.881849 43.093937 00111100 01011010
-91.200454 43.292925 10011100 11010010
-109.987846 40.491771 01001010 01100100
-83.25994 45.661595 10111101 11011011
-109.390629 32.696914 01000100 00110000
-90.234223 29.841898 10010010 10000110
-123.947504 34.03462 00000101 00010001
-79.569109 36.679171 11000111 10110101
-74.171382 35.499812 11100110 10111100
-110.510418 28.915525 01000010 00100100
-85.047308 43.970714 10111100 11011010
-90.104551 26.514368 10010000 10000010
-93.488302 47.708554 10001111 11010101
-83.298352 47.313599 10111111 11011111
-99.740553 31.474729 01110100 00111010
-73.57836 37.617715 11101000 11101000
-70.7791 28.085951 11110001 10101011
-96.716043 32.959567 01110101 00111011
-79.080224 30.696906 11000011 10100101
-109.167711 45.898651 01001110 01110100
-82.166837 30.037126 11000011 10100101
-105.938105 32.073899 01010100 00110010
-118.656604 33.226657 00010101 00010011
-112.807429 38.213554 00111000 01001010
-105.606789 35.667286 01010110 00110110
-101.2603 41.429729 01101010 01101100
-117.664026 41.621797 00101011 01001101
-106.454952 35.064475 01010110 00110110
-98.710421 39.090054 01111001 01101011
-92.170049 28.342016 10010001 10000011
-104.918584 29.662857 01010010 00100110
-111.9181 33.431385 00110101 00011011
-89.617877 40.835548 10011010 11000110
-114.056514 43.892936 00111100 01011010
-112.171912 40.168095 00111010 01001110
-104.899741 27.292562 01010001 00100011
-118.568867 45.572856 00011101 01010011
-122.334937 26.687882 00000000 00000000
-93.178249 36.759196 10000111 10010101
-100.945715 30.292722 01100011 00101101
-110.08005 40.889092 01001010 01100100
-87.515327 48.56066 10101111 11011101
-104.807161 45.53867 01011101 01110011
-107.545369 45.31983 01001101 01110001
-123.473833 33.592131 00000101 00010001
-89.55299 48.627527 10011111 11010111
-102.423297 38.729212 01101001 01101001
-101.511738 38.65376 01101001 01101001
-111.757921 26.569633 00110000 00001010
-89.048534 38.655834 10101001 11001001
-85.716309 36.700498 10110111 10011111
-76.189085 44.028506 11011100 11110010
-69.824344 45.73681 11111101 11111011
-118.900757 36.158986 00010111 00010111
-95.663559 40.556066 10001010 11000100
-114.986818 39.047504 00101001 01001001
-103.354376 31.238104 01100011 00101101
-100.739103 46.741913 01101110 01111100
-123.050281 31.275383 00000011 00000101
-103.226903 40.570507 01101010 01101100
-84.182498 36.991939 10110111 10011111
-118.948492 47.378398 00011111 01010111
-80.005223 40.285232 11001010 11100100
-70.274002 39.662427 11111001 11101011
-119.589875 27.332187 00010001 00000011
-102.692528 47.048098 01101110 01111100
-117.723565 37.217973 00101000 01001000
-107.90493 41.513705 01001011 01100101
-109.193812 29.292821 01000010 00100100
-113.876326 47.607808 00111111 01011111
-104.578508 35.30366 01010110 00110110
-74.12113 41.652538 11101011 11101101
-117.338509 26.960021 00100000 00001000
-100.255763 37.719844 01101000 01101000
-121.836248 40.319709 00001010 01000100
-71.996707 48.491755 11101111 11111101
-76.856582 30.585272 11010011 10100111
-103.700211 38.367431 01011000 01100010
-69.4308 44.749233 11111101 11111011
-104.147371 36.336521 01010111 00110111
-83.287482 37.133399 10110111 10011111
-80.732956 47.484796 11001111 11110101
-108.018146 35.524649 01000110 00110100
-117.813017 39.078754 00011001 01000011
-87.149194 37.919039 10101000 11001000
-110.347327 31.846207 01000100 00110000
-93.32927 44.05394 10001100 11010000
-81.780087 25.761591 11000000 10100000
-107.047985 31.243432 01010011 00100111
-97.472616 36.674794 01110111 00111111
-100.360487 46.87346 01101110 01111100
-113.492376 32.089606 00110100 00011010
-112.473413 36.370192 00110111 00011111
-90.991735 27.448757 10010001 10000011
-80.112501 34.95768 11000110 10110100
-116.172906 40.879722 00101010 01001100
-102.896967 35.211994 01100110 00111100
-99.063366 35.819518 01110111 00111111
-91.882739 40.693059 10011010 11000110
-117.735269 30.658899 00100011 00001101
-92.592608 26.184865 10010000 10000010
-121.6955 37.885678 00001000 01000000
-108.816175 43.627638 01001100 01110000
-73.439718 45.443435 11101101 11111001
-94.352696 41.99191 10001011 11000101
-69.40499 43.822381 11111100 11111010
-121.511679 32.895154 00000101 00010001
-75.45785 32.696875 11010100 10110010
-82.019885 47.367111 11001111 11110101
-108.275202 34.250657 01000101 00110001
-89.11665 29.027068 10100010 10001100
-101.735748 32.944956 01100101 00111001
-93.877702 48.100757 10001111 11010101
-124.691295 40.419638 00001010 01000100
-77.017224 30.837284 11010011 10100111
-104.827559 28.414529 01010001 00100011
-97.661387 38.851687 01111001 01101011
-78.325014 29.832119 11010010 10100110
-109.221752 33.981528 01000101 00110001
-106.245464 32.425177 01010100 00110010
-124.019912 29.229688 00000010 00000100
-85.994122 36.921782 10100111 10011101
-77.971723 30.211927 11010011 10100111
-98.449647 48.177182 01111111 01111111
-92.753227 41.297642 10011010 11000110
-113.220558 45.763646 00111101 01011011
-115.84831 44.244071 00101100 01011000
-115.901767 43.34157 00101100 01011000
-119.770299 45.243706 00011101 01010011
-69.544074 26.06665 11110000 10101010
-71.297432 40.493439 11111010 11101110
-120.664011 31.068555 00010011 00000111
-72.789341 40.830426 11101010 11101100
-96.753646 28.950881 01110010 00101110
-98.721289 37.317435 01111000 01101010
-73.584592 40.280771 11101010 11101100
-116.950927 27.450915 00100001 00001001
-113.529689 42.117932 00111011 01001111
-87.755997 26.332224 10100000 10001000
-69.02683 48.325488 11111111 11111111
-71.994032 43.166067 11101100 11111000
-122.083614 28.163038 00000001 00000001
-70.119979 42.381682 11111011 11101111
-114.342323 33.248809 00100101 00011001
-98.519627 47.182612 01111110 01111110
-72.217358 42.728496 11101011 11101101
-103.237968 48.531308 01101111 01111101
-110.235782 43.299909 01001100 01110000
-90.934664 31.492108 10010100 10010010
-120.590203 44.059752 00011100 01010010
-78.02626 38.41838 11011000 11100010
-118.078666 37.190062 00011000 01000010
-101.700942 32.807087 01100100 00111000
-88.464173 41.924547 10101011 11001101
-75.925111 44.064669 11011100 11110010
-103.878856 47.067452 01011110 01110110
-81.720309 41.491878 11001011 11100101
-92.002079 31.322178 10010011 10000111
-81.088801 28.7221 11000010 10100100
-82.337952 39.836405 11001001 11100001
-99.326493 44.324399 01111100 01111010
-73.78657 33.449251 11100101 10111001
-93.662146 45.614862 10001101 11010001
-118.552695 42.824714 00011011 01000111
-109.681207 41.342963 01001010 01100100
-93.673097 31.442971 10000011 10000101
-122.05392 38.492635 00001000 01000000
-73.332165 39.759924 11101001 11101001
-116.79747 38.208842 00101000 01001000
-120.122074 30.453377 00010011 00000111
-98.934522 38.896177 01111001 01101011
-112.23351 36.206065 00110111 00011111
-70.490119 45.328008 11111101 11111011
-94.90794 29.969357 10000010 10000100
-90.188585 40.622528 10011010 11000110
-83.968933 48.47914 10111111 11011111
-69.753024 36.394815 11110111 10111111
-74.351291 47.906212 11101111 11111101
-116.267445 40.018559 00101001 01001001
-117.363047 44.475115 00101101 01011001
-82.09905 45.520211 11001101 11110001
-71.082917 33.596282 11110101 10111011
-103.633447 27.274132 01100001 00101001
-113.490155 48.094397 00111111 01011111
-95.150521 34.061312 10000101 10010001
-114.819303 43.60891 00101100 01011000
-81.550749 39.088557 11001001 11100001
-106.208807 44.879404 01011101 01110011
-109.770136 40.871681 01001010 01100100
-75.571502 41.301553 11011010 11100110
-94.726668 37.109229 10000111 10010101
-89.995799 39.495449 10011001 11000011
-96.757937 43.268374 01111100 01111010
-79.833998 46.172017 11001110 11110100
-113.206627 36.255579 00110111 00011111
-112.877464 43.053455 00111100 01011010
-85.07111 35.301619 10110110 10011110
-69.933279 25.902226 11110000 10101010
-110.326027 45.660015 01001101 01110001
-91.959452 46.277688 10011110 11010110
-98.44665 32.059999 01110100 00111010
-94.865199 37.909285 10001000 11000000
-70.010333 34.622046 11110110 10111110
-98.833991 37.59489 01111000 01101010
-124.191554 42.919411 00001011 01000101
-71.058088 48.15419 11111111 11111111
-108.265814 45.546836 01001101 01110001
-122.118162 37.129241 00000111 00010101
-97.985505 29.747628 01110010 00101110
-106.925198 39.231863 01011001 01100011
-112.761922 43.944934 00111100 01011010
-110.006047 30.213358 01000011 00100101
-97.193717 29.406526 01110010 00101110
-84.430789 34.019556 10110101 10011011
-111.09004 28.779926 00110010 00001110
-87.938824 33.813872 10100101 10011001
-80.844566 31.649425 11000100 10110000
-108.771047 42.892668 01001011 01100101
-124.140515 39.945015 00001001 01000001
-70.829181 29.857763 11110010 10101110
-106.211941 45.914616 01011110 01110110
-70.915181 37.832303 11111000 11101010
-92.485627 48.540524 10011111 11010111
-119.324706 34.435742 00010110 00010110
-103.583184 31.426424 01100011 00101101
-104.678035 26.44269 01010000 00100010
-71.831235 36.519732 11100111 10111101
-74.605694 27.940768 11100001 10101001
-77.137111 36.5737 11010111 10110111
-123.707165 28.115206 00000001 00000001
-89.665075 38.222451 10011000 11000010
-94.90291 30.596363 10000011 10000101
-115.852146 32.513078 00100100 00011000
-100.55713 47.295997 01101111 01111101
-103.136109 43.395241 01101100 01111000
-91.041865 42.376049 10011011 11000111
-107.698306 46.868613 01001110 01110100
-112.377135 30.263902 00110011 00001111
-115.217978 36.030343 00100111 00011101
-120.621489 35.26441 00010110 00010110
-81.470509 33.707101 11000101 10110001
-104.045605 40.039756 01011001 01100011
-107.309835 32.057411 01000100 00110000
-91.833354 35.266511 10010110 10010110
-87.77136 26.842971 10100000 10001000
-74.327803 41.868835 11101011 11101101
-106.986384 44.985587 01011101 01110011
-124.512305 43.921788 00001100 01010000
-95.90625 35.667691 10000110 10010100
-106.050373 43.965327 01011100 01110010
-109.076069 38.544261 01001000 01100000
-109.45062 43.15204 01001100 01110000
-93.329569 36.78654 10000111 10010101
-72.899081 38.048575 11101000 11101000
-83.770534 27.326132 10110001 10001011
-113.252641 41.058181 00111010 01001110
-70.142745 28.930882 11110010 10101110
-114.271413 32.526714 00100100 00011000
-69.290192 32.068036 11110100 10111010
-69.719257 37.520348 11111000 11101010
-98.165632 37.879866 01111000 01101010
-94.961506 45.349158 10001101 11010001
-94.534055 32.672065 10000100 10010000
-75.063899 32.004392 11100100 10111000
-121.529035 44.647247 00001101 01010001
-68.687867 38.246252 11111000 11101010
-88.31217 34.096369 10100101 10011001
-73.622004 26.770285 11100000 10101000
-80.309241 40.995892 11001010 11100100
-93.899857 38.799049 10001001 11000001
-100.615725 28.626882 01100010 00101100
-84.101821 39.895937 10111001 11001011
-81.320927 33.399159 11000101 10110001
-77.426231 31.908486 11010100 10110010
-69.145075 36.46302 11110111 10111111
-91.636286 43.670401 10011100 11010010
-114.346781 37.325534 00101000 01001000
-99.942546 42.662854 01111011 01101111
-86.101618 41.911796 10101011 11001101
-71.966161 36.271787 11100111 10111101
-80.193196 32.320565 11000100 10110000
-95.508533 31.339768 10000011 10000101
-90.597366 30.85686 10010011 10000111
-113.926111 35.63056 00110110 00011110
-83.298732 36.096889 10110111 10011111
-79.247572 40.173398 11001010 11100100
-111.37392 29.392989 00110010 00001110
-76.178726 32.234388 11010100 10110010
-83.741538 29.829498 10110010 10001110
-79.187059 47.924553 11001111 11110101
-123.033675 31.335778 00000011 00000101
-87.594211 48.379457 10101111 11011101
-101.12885 35.043541 01100110 00111100
-114.586561 38.329109 00101000 01001000
-123.900598 29.67221 00000010 00000100
-119.964464 34.511981 00010110 00010110
-84.560031 45.623241 10111101 11011011
-106.255564 36.050512 01010111 00110111
-82.277707 46.167214 11001110 11110100
-90.026094 42.728086 10011011 11000111
-119.265758 30.669328 00010011 00000111
-107.948092 42.346354 01001011 01100101
-118.563285 26.086041 00010000 00000010
-108.69369 35.922406 01000111 00110101
-96.38525 30.497912 10000011 10000101
-108.373517 39.388091 01001001 01100001
-71.105682 29.95202 11110010 10101110
-97.831299 45.117408 01111101 01111011
-119.504321 43.27503 00011100 01010010
-115.590213 44.660574 00101101 01011001
-93.695498 37.328053 10001000 11000000
-114.193802 31.714065 00110100 00011010
-100.426431 46.215444 01101110 01111100
-92.463333 44.529683 10011101 11010011
-77.631271 36.497213 11010111 10110111
-111.706783 29.057214 00110010 00001110
-74.152146 45.572029 11101101 11111001
-91.372493 47.229717 10011111 11010111
-83.835272 38.819962 10111001 11001011
-102.217352 36.03168 01100111 00111101
-79.851411 42.845103 11001011 11100101
-72.726331 45.999422 11101110 11111100
-83.696566 40.610436 10111010 11001110
-81.625893 32.902879 11000101 10110001
-85.30996 34.012261 10110101 10011011
-120.598148 26.782272 00010000 00000010
-83.256394 35.794456 10110111 10011111
-68.561975 32.555578 11110100 10111010
-94.452035 26.878702 10000000 10000000
-109.247739 28.41034 01000001 00100001
-107.26454 28.299404 01000001 00100001
-81.384597 37.416215 11001000 11100000
-82.246965 28.291049 11000001 10100001
-118.292313 34.044183 00010101 00010011
-112.982912 40.525821 00111010 01001110
-120.218625 28.813696 00010010 00000110
-106.967917 40.915113 01011010 01100110
-99.227345 36.703725 01110111 00111111
-84.850186 41.771486 10111011 11001111
-92.010242 28.159454 10010001 10000011
-83.047059 42.900562 10111011 11001111
-102.446367 26.481541 01100000 00101000
-103.854186 33.477922 01010101 00110011
-80.373621 44.846582 11001101 11110001
-107.379414 47.604719 01001111 01110101
-84.69815 28.761997 10110010 10001110
-108.464357 32.166637 01000100 00110000
-97.759015 30.332419 01110011 00101111
-88.19373 34.412844 10100110 10011100
-101.052557 27.581817 01100001 00101001
-103.039628 39.823406 01101001 01101001
-106.298723 33.443787 01010101 00110011
-105.151747 45.994874 01011110 01110110
-71.883665 37.376931 11101000 11101000
-102.425257 44.851974 01101101 01111001
-108.901878 47.230328 01001111 01110101
-74.581178 40.650928 11101010 11101100
-95.974118 39.92976 10001001 11000001
-108.678351 45.056737 01001101 01110001
-116.093281 33.532737 00100101 00011001
-111.250317 42.066202 00111011 01001111
-97.756876 25.759119 01110000 00101010
-105.397525 27.427319 01010001 00100011
-107.540441 45.979267 01001110 01110100
-91.499255 44.52616 10011101 11010011
-109.552504 40.936853 01001010 01100100
-68.34229 30.464914 11110011 10101111
-107.599845 37.096127 01000111 00110101
-104.399964 29.320009 01010010 00100110
-76.639841 43.96819 11011100 11110010
-101.516911 26.4631 01100000 00101000
-68.340904 48.065994 11111111 11111111
-106.397512 42.864127 01011011 01100111
-72.913444 28.293569 11100001 10101001
-110.081459 47.430065 01001111 01110101
-99.337078 43.479716 01111100 01111010
-75.108824 26.165923 11100000 10101000
-77.508807 35.993546 11010111 10110111
-84.870904 28.663774 10110010 10001110
-78.726958 43.359848 11011100 11110010
-83.065575 48.248875 10111111 11011111
-119.561816 42.014831 00011011 01000111
-98.481132 48.543866 01111111 01111111
-107.10746 45.630423 01011101 01110011
-113.630166 38.835381 00111001 01001011
-83.754206 31.204344 10110011 10001111
-121.875572 40.197384 00001010 01000100
-116.132587 26.336539 00100000 00001000
-81.532061 33.306995 11000101 10110001
-122.544783 26.77944 00000000 00000000
-84.357188 26.204174 10110000 10001010
-102.997309 43.108897 01101100 01111000
-97.694456 31.026248 01110011 00101111
-84.156129 35.442356 10110110 10011110
-105.340358 38.90214 01011001 01100011
-101.142817 45.482354 01101101 01111001
-98.235757 39.33283 01111001 01101011
-109.251787 47.188544 01001110 01110100
-89.633465 27.363829 10010001 10000011
-115.732134 44.638762 00101101 01011001
-106.459976 33.168041 01010101 00110011
-84.513033 45.371005 10111101 11011011
-68.437257 37.063666 11110111 10111111
-95.416665 47.746211 10001111 11010101
-86.657231 33.717144 10100101 10011001
-117.436348 42.006171 00101011 01001101
-88.542666 32.318106 10100100 10011000
-107.811557 28.697485 01000010 00100100
-69.436864 47.553789 11111111 11111111
-124.600762 41.167341 00001010 01000100
-101.480197 38.783838 01101001 01101001
-102.945366 40.714324 01101010 01101100
-75.060316 48.185892 11101111 11111101
-79.450889 31.995377 11000100 10110000
-69.963464 35.72161 11110110 10111110
-99.680083 43.1334 01111100 01111010
-88.12618 31.538009 10100100 10011000
-87.99539 48.094069 10101111 11011101
-88.845081 26.266377 10100000 10001000
-107.623623 44.269465 01001100 01110000
-114.046897 33.001423 00110101 00011011
-81.141 47.810737 11001111 11110101
-108.155533 30.586464 01000011 00100101
-91.459823 33.296087 10010101 10010011
-80.625799 40.006092 11001001 11100001
-96.92166 41.640695 01111011 01101111
-91.797814 46.174748 10011110 11010110
-116.980269 44.304194 00101100 01011000
-112.071419 39.530468 00111001 01001011
-82.522794 37.89377 10111000 11001010
-72.010651 38.201009 11101000 11101000
-111.004475 27.594706 00110001 00001011
-102.046579 39.79376 01101001 01101001
-119.385603 27.964006 00010001 00000011
-94.693177 36.515972 10000111 10010101
-80.962553 28.975487 11000010 10100100
-112.300783 39.991992 00111001 01001011
-97.575677 45.031313 01111101 01111011
-116.955323 34.030898 00100101 00011001
-80.297619 28.778365 11000010 10100100
-75.888772 40.045759 11011001 11100011
-118.441489 39.860777 00011001 01000011
-81.808803 27.98978 11000001 10100001
-106.506393 32.93548 01010101 00110011
-78.487475 31.245418 11010011 10100111
-118.369922 27.148766 00010001 00000011
-89.755452 38.881037 10011001 11000011
-83.649133 44.601582 10111101 11011011
-91.126388 39.707074 10011001 11000011
-78.336409 46.926755 11011110 11110110
-96.15695 27.18053 10000001 10000001
-72.703331 28.832658 11100010 10101100
-111.133636 41.537713 00111011 01001111
-73.376657 35.957483 11100111 10111101
-94.034683 30.128698 10000011 10000101
-78.826852 31.128179 11010011 10100111
-85.047672 34.147353 10110101 10011011
-77.107727 36.977161 11010111 10110111
-87.263394 43.250555 10101100 11011000
-114.373869 39.448267 00101001 01001001
-76.715729 32.402878 11010100 10110010
-95.658236 48.630531 10001111 11010101
-92.062442 45.674724 10011101 11010011
-115.666874 33.026649 00100101 00011001
-94.898779 30.041833 10000011 10000101
-108.26872 26.189655 01000000 00100000
-76.537176 36.413151 11010111 10110111
-88.379379 45.598379 10101101 11011001
-108.935943 38.211608 01001000 01100000
-117.314146 39.786858 00101001 01001001
-83.138576 32.054694 10110100 10011010
-75.000241 29.94649 11100010 10101100
-96.474513 46.345598 10001110 11010100
-75.852153 36.822683 11010111 10110111
-79.32848 31.621544 11000100 10110000
-84.769373 28.710259 10110010 10001110
-87.488904 41.693086 10101011 11001101
-112.957775 36.888109 00110111 00011111
-120.800667 27.579282 00010001 00000011
-77.337585 37.492383 11011000 11100010
-75.014865 38.999097 11101001 11101001
-89.937966 41.163258 10011010 11000110
-114.202658 26.442054 00110000 00001010
-68.796963 33.308861 11110101 10111011
-90.998225 31.295163 10010011 10000111
-93.497369 45.719643 10001101 11010001
-96.115765 36.694125 10000111 10010101
-93.059847 29.312663 10000010 10000100
-110.634684 37.307126 01001000 01100000
-100.264739 36.896319 01100111 00111101
-106.419726 39.91625 01011001 01100011
-121.612143 48.508974 00001111 01010101
-71.108415 25.839508 11110000 10101010
-69.320342 36.989999 11110111 10111111
-105.748994 37.118423 01010111 00110111
-101.652377 33.567391 01100101 00111001
-76.567835 27.64074 11010001 10100011
-98.727277 34.327399 01110110 00111110
-101.045511 34.748782 01100110 00111100
-73.150408 41.678904 11101011 11101101
-93.500746 41.437178 10001010 11000100
-74.632877 30.03039 11100011 10101101
-115.197067 38.736487 00101001 01001001
-95.814024 27.7194 10000001 10000001
-119.123235 44.685061 00011101 01010011
-69.856942 40.253056 11111010 11101110
-111.594175 48.140307 00111111 01011111
-79.924553 46.739655 11001110 11110100
-100.303292 27.314292 01100001 00101001
-104.161922 39.669202 01011001 01100011
-103.771201 27.076008 01010000 00100010
-117.703583 42.340566 00101011 01001101
-74.365297 40.338611 11101010 11101100
-99.404787 37.133123 01110111 00111111
-104.526452 45.37987 01011101 01110011
-120.554846 31.540083 00010100 00010010
-115.172927 32.647904 00100100 00011000
-82.270911 48.602321 11001111 11110101
-109.202208 43.423447 01001100 01110000
-104.244825 40.449743 01011010 01100110
-94.092322 47.914073 10001111 11010101
-74.818623 30.873824 11100011 10101101
-96.389266 26.767694 10000000 10000000
-103.24241 32.526637 01100100 00111000
-100.214 45.307075 01101101 01111001
-83.588363 35.498144 10110110 10011110
-84.97975 39.158787 10111001 11001011
-96.644512 40.501532 01111010 01101110
-98.436996 39.465312 01111001 01101011
-95.218785 39.536595 10001001 11000001
-99.837586 28.322007 01110001 00101011
-114.487338 39.955075 00101001 01001001
-74.718171 28.763128 11100010 10101100
-104.518427 25.906506 01010000 00100010
-91.974679 43.494648 10011100 11010010
-109.95504 38.056945 01001000 01100000
-72.96802 28.346721 11100001 10101001
-90.783913 38.854729 10011001 11000011
-93.419887 29.998496 10000010 10000100
-97.808376 41.465055 01111010 01101110
-72.782209 45.994114 11101110 11111100
-85.822124 46.900411 10111110 11011110
-86.570541 41.008939 10101010 11001100
-76.339142 44.945123 11011101 11110011
-101.08953 33.05205 01100101 00111001
-80.444771 46.978074 11001110 11110100
-119.260117 43.572215 00011100 01010010
-104.830842 40.341178 01011010 01100110
-68.698608 43.360466 11111100 11111010
-79.925514 32.917481 11000101 10110001
-81.547635 40.729115 11001010 11100100
-91.748141 42.140268 10011011 11000111
-83.761971 29.479521 10110010 10001110
-105.485828 31.251735 01010011 00100111
-89.23042 37.863601 10101000 11001000
-96.206325 31.322129 10000011 10000101
-98.061775 44.680802 01111101 01111011
-102.868617 34.630798 01100110 00111100
-83.442671 43.262608 10111100 11011010
-106.198692 38.823696 01011001 01100011
-103.196426 47.4835 01101111 01111101
-107.677676 37.671341 01001000 01100000
-111.232199 30.885338 00110011 00001111
-123.437574 37.41611 00001000 01000000
-109.197475 41.350198 01001010 01100100
-102.23969 31.766022 01100100 00111000
-101.537794 31.684566 01100100 00111000
-108.041751 45.340559 01001101 01110001
-109.073611 44.987961 01001101 01110001
-119.611264 30.569261 00010011 00000111
-95.497482 41.047889 10001010 11000100
-123.766612 41.274214 00001010 01000100
-84.151567 41.595257 10111011 11001111
-118.697068 34.770634 00010110 00010110
-113.291623 25.75364 00110000 00001010
-83.905695 26.181925 10110000 10001010
-82.035218 48.598177 11001111 11110101
-101.977225 38.425887 01101000 01101000
-103.414159 31.74888 01100100 00111000
-74.301326 40.919168 11101010 11101100
-105.342653 35.609114 01010110 00110110
-81.944589 40.41604 11001010 11100100
-83.270385 38.032315 10111000 11001010
-97.222571 42.690216 01111011 01101111
-117.08235 44.675878 00101101 01011001
-106.754527 35.933452 01010111 00110111
-113.888862 35.355735 00110110 00011110
-105.430607 28.924943 01010010 00100110
-86.432408 29.555285 10100010 10001100
-82.846289 32.366817 10110100 10011010
-118.48746 28.909459 00010010 00000110
-78.312708 42.893298 11011011 11100111
-81.761109 29.416612 11000010 10100100
-72.752348 31.867238 11100100 10111000
-75.463879 28.122842 11010001 10100011
-102.829597 44.44696 01101101 01111001
-116.990709 31.52273 00100100 00011000
-81.456763 39.727879 11001001 11100001
-93.125972 32.177761 10000100 10010000
-93.427484 47.978322 10001111 11010101
-74.631555 34.970711 11100110 10111100
-73.966349 34.084757 11100101 10111001
-79.476841 29.187311 11000010 10100100
-124.3678 39.771448 00001001 01000001
-92.431943 39.052591 10011001 11000011
-90.748649 42.615341 10011011 11000111
-99.025212 31.321377 01110011 00101111
-91.43831 43.500605 10011100 11010010
-122.026417 46.275037 00001110 01010100
-72.498731 28.131581 11100001 10101001
-79.21074 29.64074 11000010 10100100
-114.144265 43.859887 00111100 01011010
-116.487987 37.658198 00101000 01001000
-107.106854 47.867267 01011111 01110111
-121.02568 45.30111 00011101 01010011
-93.667367 37.70401 10001000 11000000
-83.901255 27.625407 10110001 10001011
-81.401445 42.762875 11001011 11100101
-93.99915 29.56951 10000010 10000100
-98.465631 31.480899 01110100 00111010
-92.999758 48.473427 10011111 11010111
-119.886291 43.542388 00011100 01010010
-95.457853 38.448585 10001000 11000000
-80.242637 42.978152 11001100 11110000
-102.841491 31.083777 01100011 00101101
-100.485196 36.870842 01100111 00111101
-68.539754 30.254104 11110011 10101111
-110.074733 37.83244 01001000 01100000
-79.190995 39.199447 11001001 11100001
-121.988676 28.983738 00000010 00000100
-80.940719 32.859049 11000100 10110000
-113.981951 40.84039 00111010 01001110
-104.98121 42.966214 01011100 01110010
-79.567665 37.174071 11000111 10110101
-71.686519 41.197664 11111010 11101110
-91.565765 30.615135 10010011 10000111
-71.900643 46.59034 11101110 11111100
-85.8631 47.317606 10111111 11011111
-86.710005 26.408883 10100000 10001000
-96.68552 42.514887 01111011 01101111
-73.56918 34.37732 11100110 10111100
-92.885883 42.93667 10011100 11010010
-89.8718 29.571984 10010010 10000110
-71.371041 45.003462 11111101 11111011
-91.452822 37.513016 10011000 11000010
-81.580439 38.147036 11001000 11100000
-108.324434 37.360504 01001000 01100000
-123.332503 41.332844 00001010 01000100
-85.0266 44.317883 10111100 11011010
-101.865122 46.675492 01101110 01111100
-71.129323 44.031894 11111100 11111010
-99.171879 36.048682 01110111 00111111
-111.92176 29.102669 00110010 00001110
-76.89546 46.035715 11011110 11110110
-114.065674 27.990787 00110001 00001011
-121.576391 26.453082 00000000 00000000
-101.969336 37.752173 01101000 01101000
-84.256384 43.170264 10111100 11011010
-69.156494 38.497798 11111000 11101010
-92.621696 34.357919 10010110 10010110
-108.183539 29.50535 01000010 00100100
-77.036317 39.757581 11011001 11100011
-107.38944 39.691043 01001001 01100001
-109.926777 26.407896 01000000 00100000
-69.5055 44.799387 11111101 11111011
-104.930597 42.658769 01011011 01100111
-96.309596 29.84578 10000010 10000100
-72.712449 48.097924 11101111 11111101
-79.805306 32.594288 11000100 10110000
-115.83589 27.217994 00100001 00001001
-93.641618 27.810831 10000001 10000001
-73.305578 41.867943 11101011 11101101
-111.185431 36.301004 00110111 00011111
-115.862993 40.929573 00101010 01001100
-72.65872 34.707338 11100110 10111100
-118.99024 33.004033 00010101 00010011
-124.068058 30.140008 00000011 00000101
-105.058736 31.127233 01010011 00100111
-104.696252 38.799049 01011001 01100011
-81.880568 31.382613 11000011 10100101
-97.44244 30.443206 01110011 00101111
-107.673135 42.592156 01001011 01100101
-74.283134 40.300454 11101010 11101100
-97.460373 28.109844 01110001 00101011
-106.880399 33.627787 01010101 00110011
-100.615473 47.548257 01101111 01111101
-81.429849 45.633786 11001101 11110001
-76.355126 27.711996 11010001 10100011
-109.164088 34.996111 01000110 00110100
-88.960816 32.810013 10100100 10011000
-107.659013 40.248725 01001010 01100100
-105.45286 32.328065 01010100 00110010
-107.555529 34.746342 01000110 00110100
-115.237322 46.271066 00101110 01011100
-78.982149 26.667475 11000000 10100000
-87.113979 31.664548 10100100 10011000
-78.753749 32.714342 11010100 10110010
-91.312465 28.232724 10010001 10000011
-94.409853 34.263291 10000101 10010001
-73.223493 29.703448 11100010 10101100
-82.532695 46.051296 10111110 11011110
-121.200805 31.767146 00010100 00010010
-113.628204 28.838073 00110010 00001110
-112.308132 48.191185 00111111 01011111
-103.022836 39.419943 01101001 01101001
-100.709098 44.985653 01101101 01111001
-113.953724 34.129684 00110101 00011011
-117.447419 48.573698 00101111 01011101
-122.111099 47.458862 00001111 01010101
-80.160014 28.424772 11000001 10100001
-87.912507 30.851978 10100011 10001101
-110.985508 37.989169 00111000 01001010
-78.16552 40.323677 11011010 11100110
-84.911073 34.055559 10110101 10011011
-88.450139 32.301269 10100100 10011000
-114.679731 30.763048 00100011 00001101
-113.169546 37.500201 00111000 01001010
-105.988095 43.274799 01011100 01110010
-103.348623 47.89795 01101111 01111101
-100.433948 45.998033 01101110 01111100
-122.856893 29.357264 00000010 00000100
-102.448853 46.89006 01101110 01111100
-117.855581 32.968307 00010101 00010011
-118.239402 27.740601 00010001 00000011
-97.041643 26.477287 01110000 00101010
-116.595733 42.188515 00101011 01001101
-97.467483 29.333853 01110010 00101110
-106.358419 38.847822 01011001 01100011
-71.834383 37.470296 11101000 11101000
-68.507866 26.88224 11110000 10101010
-111.802113 44.477406 00111101 01011011
-114.890451 28.967317 00100010 00001100
-107.220461 44.1115 01001100 01110000
-71.10689 27.213342 11110001 10101011
-104.996372 48.332414 01011111 01110111
-96.555983 45.718069 10001101 11010001
-100.290513 41.58821 01101011 01101101
-97.216499 29.371465 01110010 00101110
-124.203816 29.601901 00000010 00000100
-93.890737 42.732224 10001011 11000101
-68.577748 33.281923 11110101 10111011
-120.060212 32.805612 00010100 00010010
-108.251176 47.793205 01001111 01110101
-71.20124 31.299322 11110011 10101111
-110.550891 42.17354 01001011 01100101
-118.344264 47.609397 00011111 01010111
-122.203655 45.614132 00001101 01010001
-85.057213 44.807142 10111101 11011011
-99.237987 35.520755 01110110 00111110
-95.352385 48.228533 10001111 11010101
-69.039195 43.4955 11111100 11111010
-72.513725 37.888705 11101000 11101000
-82.862463 28.806058 10110010 10001110
-112.410005 29.099902 00110010 00001110
-114.275909 30.847015 00100011 00001101
-91.340639 36.202756 10010111 10010111
-70.529664 45.99124 11111110 11111110
-73.039938 39.921512 11101001 11101001
-97.633686 37.313853 01111000 01101010
-88.824239 36.796714 10100111 10011101
-68.843265 41.326318 11111010 11101110
-86.698005 29.282708 10100010 10001100
-76.581471 32.479779 11010100 10110010
-110.246979 43.57768 01001100 01110000
-96.225328 46.98398 10001110 11010100
-105.644481 46.652778 01011110 01110110
-77.644975 47.599464 11011111 11110111
-96.90125 37.582131 01111000 01101010
-76.760951 34.47283 11010110 10110110
-89.104497 41.799415 10101011 11001101
-121.301567 45.100635 00011101 01010011
-84.700327 39.419468 10111001 11001011
-99.008074 45.587085 01111101 01111011
-92.994372 27.389929 10010001 10000011
-89.019317 26.391528 10100000 10001000
-76.057344 44.602253 11011101 11110011
-83.657643 40.692011 10111010 11001110
-89.797143 38.066366 10011000 11000010
-91.352685 36.558911 10010111 10010111
-119.181496 40.50847 00011010 01000110
-97.07664 38.811355 01111001 01101011
-123.899538 43.425746 00001100 01010000
-70.709315 36.10548 11110111 10111111
-96.399949 30.377597 10000011 10000101
-112.195145 28.945747 00110010 00001110
-112.50815 42.527639 00111011 01001111
-72.285651 31.267935 11100011 10101101
-94.252441 28.70732 10000010 10000100
-122.910272 41.931353 00001011 01000101
-78.639491 29.734642 11010010 10100110
-93.546457 30.403051 10000011 10000101
-116.650596 32.100642 00100100 00011000
-69.549682 34.593393 11110110 10111110
-77.551545 29.762584 11010010 10100110
-71.891813 34.979607 11100110 10111100
-118.976779 32.984656 00010101 00010011
-87.034246 45.896655 10101110 11011100
-98.033758 47.202525 01111110 01111110
-109.350417 36.850339 01000111 00110101
-74.986519 46.916175 11101110 11111100
-106.912452 38.570749 01011000 01100010
-106.277319 32.605074 01010100 00110010
-103.624778 27.2389 01100001 00101001
-77.065537 28.201234 11010001 10100011
-111.872371 28.088726 00110001 00001011
-114.787613 29.512297 00100010 00001100
-122.314836 28.641865 00000010 00000100
-106.424615 27.554357 01010001 00100011
-93.249017 44.603608 10001101 11010001
-98.167027 29.226575 01110010 00101110
-84.635594 46.732302 10111110 11011110
-74.150446 46.993962 11101110 11111100
-92.060987 31.587734 10010100 10010010
-81.181711 42.667052 11001011 11100101
-73.195088 41.803718 11101011 11101101
-83.531497 32.961817 10110101 10011011
-122.148743 27.929954 00000001 00000001
-94.367061 32.796333 10000100 10010000
-77.045103 32.954573 11010101 10110011
-70.313294 33.946793 11110101 10111011
-109.986933 35.236264 01000110 00110100
-79.277113 36.477025 11000111 10110101
-71.044438 43.376102 11111100 11111010
-96.841142 43.020266 01111100 01111010
-107.728945 31.987632 01000100 00110000
-97.367205 32.068509 01110100 00111010
-85.155646 35.162483 10110110 10011110
-80.782836 33.635541 11000101 10110001
-95.031956 31.652717 10000100 10010000
-108.244051 48.565413 01001111 01110101
-121.527165 26.590672 00000000 00000000
-81.285294 31.811068 11000100 10110000
-77.131658 29.114636 11010010 10100110
-96.537238 34.228768 10000101 10010001
-78.722772 27.08063 11010000 10100010
-106.208804 46.483998 01011110 01110110
-100.591518 46.966758 01101110 01111100
-121.655955 35.470696 00000110 00010100
-71.453247 33.794534 11110101 10111011
-120.119927 26.737585 00010000 00000010
-92.858741 39.941168 10011001 11000011
-72.905322 30.630926 11100011 10101101
-105.875092 41.696494 01011011 01100111
-71.748394 40.649975 11111010 11101110
-68.440115 48.52879 11111111 11111111
-81.057702 27.2367 11000001 10100001
-78.838073 43.323185 11011100 11110010
-113.742549 47.355219 00111111 01011111
-82.411971 47.12291 11001110 11110100
-82.005008 33.387707 11000101 10110001
-118.725543 36.890593 00010111 00010111
-96.649665 39.633285 01111001 01101011
-86.618976 37.149699 10100111 10011101
-117.560014 44.231897 00101100 01011000
-92.480106 29.79968 10010010 10000110
-90.189151 30.238686 10010011 10000111
-121.548989 25.813874 00000000 00000000
-103.276448 37.902363 01101000 01101000
-82.7469 33.958112 10110101 10011011
-100.094752 27.27422 01110001 00101011
-95.316427 28.929764 10000010 10000100
-86.679346 47.629919 10101111 11011101
-93.628782 30.693843 10000011 10000101
-99.400082 35.72494 01110110 00111110
-118.550488 28.516777 00010001 00000011
-122.740668 47.819824 00001111 01010101
-77.852993 43.13636 11011100 11110010
-112.064731 37.764613 00111000 01001010
-75.21622 27.981409 11100001 10101001
-108.042781 39.93054 01001001 01100001
-121.423939 34.747249 00000110 00010100
-90.762618 27.398903 10010001 10000011
-96.69543 37.983872 01111000 01101010
-109.133127 28.969513 01000010 00100100
-84.977412 31.059768 10110011 10001111
-96.893291 46.000769 01111110 01111110
-97.274867 28.180884 01110001 00101011
-101.704824 47.139963 01101110 01111100
-108.416362 41.940116 01001011 01100101
-102.68951 37.002782 01100111 00111101
-107.237878 42.648521 01001011 01100101
-95.5209 32.146968 10000100 10010000
-99.970979 30.011454 01110010 00101110
-120.582664 37.385732 00011000 01000010
-108.128415 41.885078 01001011 01100101
-110.791282 41.562751 00111011 01001111
-104.317104 30.20813 01010011 00100111
-116.663944 40.092279 00101010 01001100
-92.801152 36.775052 10010111 10010111
-111.487914 41.200996 00111010 01001110
-70.514035 35.167631 11110110 10111110
-94.039829 44.690997 10001101 11010001
-103.562155 44.438533 01101101 01111001
-73.103078 30.695814 11100011 10101101
-93.602929 29.275373 10000010 10000100
-102.605904 45.015051 01101101 01111001
-120.152944 43.760267 00011100 01010010
-93.014348 27.466597 10010001 10000011
-99.769137 30.896985 01110011 00101111
-121.402128 37.213505 00001000 01000000
-83.154088 27.658424 10110001 10001011
-123.910502 38.100611 00001000 01000000
-70.02366 48.296723 11111111 11111111
-89.079958 30.640161 10100011 10001101
-85.403414 37.054881 10110111 10011111
-109.42183 31.174249 01000011 00100101
-101.176899 33.504394 01100101 00111001
-91.323155 35.592729 10010110 10010110
-70.633616 39.637182 11111001 11101011
-120.870088 29.463199 00010010 00000110
-111.327183 46.190514 00111110 01011110
-77.714775 40.16231 11011010 11100110
-74.673367 29.419073 11100010 10101100
-100.630725 27.296499 01100001 00101001
-112.204094 43.551075 00111100 01011010
-78.076468 27.418274 11010001 10100011
-74.155868 48.003588 11101111 11111101
-124.180583 26.560628 00000000 00000000
-70.170531 47.401798 11111111 11111111
-116.443967 31.953429 00100100 00011000
-115.382481 32.699634 00100100 00011000
-114.987043 28.158667 00100001 00001001
-83.554675 36.333629 10110111 10011111
-105.449777 45.507385 01011101 01110011
-72.937414 43.79511 11101100 11111000
-98.419369 37.384056 01111000 01101010
-124.400349 29.193088 00000010 00000100
-96.2441 35.978522 10000111 10010101
-76.713891 32.503656 11010100 10110010
-99.408365 30.964588 01110011 00101111
-96.958359 32.964084 01110101 00111011
-76.203691 41.409752 11011010 11100110
-102.54949 27.830777 01100001 00101001
-88.086185 33.6517 10100101 10011001
-76.4085 39.249878 11011001 11100011
-123.66782 44.467566 00001101 01010001
-124.068978 36.0032 00000111 00010101
-90.609333 44.341867 10011100 11010010
-82.741916 47.557226 10111111 11011111
-89.731619 42.358232 10011011 11000111
-100.823683 32.573494 01100100 00111000
-123.774132 28.921256 00000010 00000100
-88.01492 43.358584 10101100 11011000
-99.96813 36.050331 01110111 00111111
-80.620669 27.140463 11000000 10100000
-113.850625 43.250689 00111100 01011010
-75.195951 33.365011 11100101 10111001
-111.234597 28.971311 00110010 00001110
-124.354544 39.593402 00001001 01000001
-120.516177 40.604865 00011010 01000110
-89.697525 42.341898 10011011 11000111
-123.195263 32.946743 00000101 00010001
-110.035693 36.777921 01000111 00110101
-100.283579 28.933709 01100010 00101100
-105.241773 48.323623 01011111 01110111
-92.328739 33.411325 10010101 10010011
-116.4645 26.0189 00100000 00001000
-72.304547 46.523204 11101110 11111100
-69.531703 38.406893 11111000 11101010
-89.367672 27.635755 10100001 10001001
-82.995465 35.723705 10110110 10011110
-119.81296 31.76569 00010100 00010010
-117.525129 39.27367 00101001 01001001
-100.686218 44.614279 01101101 01111001
-91.310029 34.543092 10010110 10010110
-96.846497 29.407163 01110010 00101110
-93.724324 34.043924 10000101 10010001
-80.799203 34.642307 11000110 10110100
-69.885465 30.457474 11110011 10101111
-80.275135 38.428863 11001000 11100000
-115.11759 28.102982 00100001 00001001
-115.358646 48.014482 00101111 01011101
-113.090175 29.471451 00110010 00001110
-96.865459 47.702918 01111111 01111111
-85.051881 45.620163 10111101 11011011
-115.779702 46.438416 00101110 01011100
-86.366253 35.030891 10100110 10011100
-123.733957 37.319617 00001000 01000000
-98.270101 41.645581 01111011 01101111
-92.461172 27.572946 10010001 10000011
-114.354106 42.103909 00101011 01001101
-91.878669 47.071147 10011110 11010110
-107.146739 27.671163 01010001 00100011
-83.607605 45.729487 10111101 11011011
-90.927189 34.804098 10010110 10010110
-106.608127 37.273262 01011000 01100010
-85.29763 28.773149 10110010 10001110
-99.363071 39.310449 01111001 01101011
-92.643726 34.860995 10010110 10010110
-109.479202 28.573919 01000001 00100001
-77.264939 46.081237 11011110 11110110
-108.835703 48.373467 01001111 01110101
-87.398682 40.451555 10101010 11001100
-101.917054 35.290146 01100110 00111100
-93.332715 36.828808 10000111 10010101
-74.985787 34.844178 11100110 10111100
-78.582103 44.874134 11011101 11110011
-95.766384 46.746938 10001110 11010100
-79.970372 33.372182 11000101 10110001
-102.873287 42.069276 01101011 01101101
-114.650343 37.793237 00101000 01001000
-112.263282 29.542958 00110010 00001110
-112.332343 29.435622 00110010 00001110
-118.030357 38.000446 00011000 01000010
-103.350454 47.935129 01101111 01111101
-120.622533 44.825218 00011101 01010011
-119.4706 27.074991 00010000 00000010
-76.87708 36.255236 11010111 10110111
-117.947806 35.253014 00010110 00010110
-111.156201 41.863121 00111011 01001111
-91.572898 42.788887 10011011 11000111
-96.651686 42.896982 01111011 01101111
-96.352824 46.098009 10001110 11010100
-120.60629 45.489954 00011101 01010011
-115.147094 29.152559 00100010 00001100
-115.57114 30.927016 00100011 00001101
-78.482744 25.985608 11010000 10100010
-101.162708 27.763786 01100001 00101001
-113.514564 28.008478 00110001 00001011
-75.688746 41.315736 11011010 11100110
-82.508145 38.050592 10111000 11001010
-106.046439 26.766935 01010000 00100010
-81.6913 31.401049 11000011 10100101
-86.060535 39.418096 10101001 11001001
-84.255582 32.017784 10110100 10011010
-89.615877 40.185809 10011010 11000110
-123.38398 42.204153 00001011 01000101
-100.273692 41.631281 01101011 01101101
-72.280444 42.472761 11101011 11101101
-103.405849 35.900407 01100111 00111101
-81.515622 45.406457 11001101 11110001
-103.733124 30.279215 01010011 00100111
-124.538265 35.959778 00000111 00010101
-94.858068 31.152652 10000011 10000101
-96.841242 32.461615 01110100 00111010
-124.44426 39.185708 00001001 01000001
-98.785031 28.750362 01110010 00101110
-108.613517 43.113515 01001100 01110000
-88.946442 27.317072 10100001 10001001
-103.051528 26.668263 01100000 00101000
-111.778853 48.030339 00111111 01011111
-112.048952 36.538323 00110111 00011111
-98.978213 47.683018 01111111 01111111
-123.449987 41.568201 00001011 01000101