2000 2 C-Index Z-Index
-124.857175 -68.300988 X
25.715451 48.680915 Y
-91.455191 28.923222 10010010 10000110
-85.139631 27.054944 10110000 10001010
-92.1864 46.517825 10011110 11010110
-123.060724 26.730847 00000000 00000000
-79.42633 33.229893 11000101 10110001
-90.873859 47.532057 10011111 11010111
-103.436315 26.142718 01100000 00101000
-124.168138 25.798455 00000000 00000000
-76.02414 46.81546 11011110 11110110
-98.608607 32.130989 01110100 00111010
-82.47967 45.683109 10111101 11011011
-85.711257 27.774406 10110001 10001011
-83.774911 46.949192 10111110 11011110
-101.405121 38.140735 01101000 01101000
-68.976946 35.362833 11110110 10111110
-112.125521 34.389821 00110110 00011110
-107.074819 38.183733 01011000 01100010
-110.48144 38.084645 01001000 01100000
-93.750194 42.052257 10001011 11000101
-82.404073 48.496435 11001111 11110101
-90.131554 29.383787 10010010 10000110
-112.334937 25.952804 00110000 00001010
-116.041708 44.34727 00101100 01011000
-107.731166 44.365688 01001100 01110000
-78.68764 42.399226 11011011 11100111
-79.416245 38.225161 11001000 11100000
-102.957905 26.718262 01100000 00101000
-78.282897 41.881197 11011011 11100111
-81.501437 37.994929 11001000 11100000
-85.092807 45.673757 10111101 11011011
-84.1054 34.775614 10110110 10011110
-110.216273 47.346658 01001111 01110101
-107.712998 28.355773 01000001 00100001
-117.699458 26.386635 00100000 00001000
-108.11277 42.113953 01001011 01100101
-98.735469 38.742683 01111001 01101011
-85.89272 47.908643 10111111 11011111
-117.434146 47.194991 00101110 01011100
-77.200088 44.97458 11011101 11110011
-107.669332 37.796841 01001000 01100000
-112.49007 27.859728 00110001 00001011
-73.983517 31.218051 11100011 10101101
-120.394556 26.442149 00010000 00000010
-113.516089 38.655183 00111001 01001011
-109.24578 45.9038 01001110 01110100
-99.204703 38.339554 01111000 01101010
-89.467634 30.589909 10100011 10001101
-124.140978 26.14998 00000000 00000000
-94.182906 40.390277 10001010 11000100
-95.97034 37.561266 10001000 11000000
-74.410948 32.122497 11100100 10111000
-117.661545 45.518117 00101101 01011001
-78.418546 33.281208 11010101 10110011
-75.558596 35.778693 11010111 10110111
-85.544045 36.509136 10110111 10011111
-104.383171 37.972812 01011000 01100010
-71.666655 31.628567 11110100 10111010
-124.651246 40.506794 00001010 01000100
-103.857005 28.006665 01010001 00100011
-111.835719 35.36522 00110110 00011110
-96.456548 33.175714 10000101 10010001
-111.14745 26.638829 00110000 00001010
-70.383382 30.48282 11110011 10101111
-124.166073 27.471745 00000001 00000001
-78.31524 32.305888 11010100 10110010
-106.281137 47.015263 01011110 01110110
-87.5223 39.897854 10101001 11001001
-123.378771 40.273981 00001010 01000100
-109.652301 42.820622 01001011 01100101
-76.012942 34.207468 11010101 10110011
-121.76944 40.997743 00001010 01000100
-98.194419 29.894699 01110010 00101110
-105.503139 28.073092 01010001 00100011
-90.571302 29.501319 10010010 10000110
-73.183623 34.37783 11100110 10111100
-112.193126 32.616973 00110100 00011010
-109.304918 37.811797 01001000 01100000
-99.35805 42.327639 01111011 01101111
-118.218642 30.247365 00010011 00000111
-124.452672 33.204173 00000101 00010001
-89.87933 25.959205 10010000 10000010
-105.219659 48.256325 01011111 01110111
-116.43754 36.313614 00100111 00011101
-100.837876 34.704051 01100110 00111100
-109.181507 26.307678 01000000 00100000
-102.672719 44.170149 01101100 01111000
-69.402217 41.384567 11111010 11101110
-99.312383 42.883399 01111011 01101111
-83.920543 45.548332 10111101 11011011
-78.938906 30.264284 11000011 10100101
-94.933361 34.357011 10000110 10010100
-118.269357 34.688587 00010110 00010110
-87.711406 41.99026 10101011 11001101
-92.269069 27.400183 10010001 10000011
-74.306337 39.416587 11101001 11101001
-110.123112 38.473948 01001000 01100000
-112.534704 41.425118 00111010 01001110
-70.993465 30.012787 11110010 10101110
-100.91612 38.469876 01101000 01101000
-98.503752 30.418268 01110011 00101111
-69.794677 39.26711 11111001 11101011
-103.791461 35.088285 01010110 00110110
-106.773615 42.354103 01011011 01100111
-98.123371 31.542814 01110100 00111010
-109.916237 44.830945 01001101 01110001
-88.927112 34.894121 10100110 10011100
-76.481099 39.039875 11011001 11100011
-87.722995 46.267472 10101110 11011100
-112.765054 27.4695 00110001 00001011
-92.086493 33.98456 10010101 10010011
-96.913442 42.372086 01111011 01101111
-100.297222 27.045792 01100000 00101000
-90.310032 37.20958 10011000 11000010
-120.384196 37.42989 00011000 01000010
-115.1318 36.368061 00100111 00011101
-80.417565 42.64326 11001011 11100101
-116.694255 28.509008 00100001 00001001
-102.267096 39.61154 01101001 01101001
-83.533716 26.459714 10110000 10001010
-100.70139 40.35824 01101010 01101100
-69.604693 38.836 11111001 11101011
-85.197173 45.639707 10111101 11011011
-122.342245 39.403043 00001001 01000001
-92.781926 34.102824 10010101 10010011
-100.85894 45.437666 01101101 01111001
-81.475932 34.542991 11000110 10110100
-85.399209 44.247012 10111100 11011010
-92.403805 29.36699 10010010 10000110
-89.507613 28.57557 10100001 10001001
-78.948889 30.208024 11000011 10100101
-117.218575 30.222293 00100011 00001101
-105.249469 48.639755 01011111 01110111
-102.473703 28.362484 01100001 00101001
-91.673129 25.955645 10010000 10000010
-117.355033 46.730865 00101110 01011100
-88.043134 43.204503 10101100 11011000
-115.916971 28.65731 00100010 00001100
-76.493929 42.553552 11011011 11100111
-122.655346 34.328455 00000110 00010100
-114.490693 25.854676 00100000 00001000
-84.81689 36.644822 10110111 10011111
-84.857818 42.985007 10111100 11011010
-84.018629 29.34271 10110010 10001110
-85.863072 45.030522 10111101 11011011
-78.345036 27.93532 11010001 10100011
-117.533401 31.554525 00100100 00011000
-105.399206 29.097334 01010010 00100110
-124.857175 33.117661 00000101 00010001
-114.528789 44.022323 00101100 01011000
-85.946667 40.954472 10111010 11001110
-118.575679 30.799774 00010011 00000111
-97.123004 43.518521 01111100 01111010
-76.702367 43.065977 11011100 11110010
-114.428103 40.964296 00101010 01001100
-73.69028 48.66776 11101111 11111101
-121.499346 36.034046 00000111 00010101
-91.532828 33.513907 10010101 10010011
-86.215849 29.851278 10100010 10001100
-108.904769 27.310597 01000001 00100001
-100.241848 47.87913 01101111 01111101
-88.417491 48.501884 10101111 11011101
-106.248706 28.135895 01010001 00100011
-86.409236 45.329224 10101101 11011001
-109.835135 27.28035 01000001 00100001
-112.041588 46.967868 00111110 01011110
-124.637549 38.071571 00001000 01000000
-82.242352 43.097533 11001100 11110000
-112.474877 33.147775 00110101 00011011
-79.482662 40.274027 11001010 11100100
-70.948518 43.516947 11111100 11111010
-83.304658 37.978248 10111000 11001010
-122.100538 37.256526 00001000 01000000
-97.212347 43.621973 01111100 01111010
-114.711968 33.556547 00100101 00011001
-105.714684 45.90615 01011110 01110110
-102.98338 39.294175 01101001 01101001
-107.094805 44.860825 01011101 01110011
-91.358076 45.989732 10011110 11010110
-110.910941 27.301708 00110001 00001011
-77.563474 38.129669 11011000 11100010
-79.207222 47.99798 11001111 11110101
-92.221655 45.038153 10011101 11010011
-100.475775 28.861941 01100010 00101100
-79.593894 28.097028 11000001 10100001
-100.608528 28.010112 01100001 00101001
-71.785297 36.09089 11110111 10111111
-89.647841 35.97728 10010111 10010111
-104.616678 34.236234 01010101 00110011
-88.515898 39.510972 10101001 11001001
-73.617044 42.732429 11101011 11101101
-122.837086 42.595805 00001011 01000101
-101.406265 46.300795 01101110 01111100
-68.745242 31.655099 11110100 10111010
-112.213691 46.349386 00111110 01011110
-121.202761 40.683853 00011010 01000110
-107.654856 40.312469 01001010 01100100
-100.416204 29.65977 01100010 00101100
-115.561886 39.421297 00101001 01001001
-123.457965 39.18559 00001001 01000001
-68.457666 31.863281 11110100 10111010
-108.481999 45.860302 01001110 01110100
-85.996465 39.08104 10101001 11001001
-113.794811 27.872872 00110001 00001011
-120.831658 45.268577 00011101 01010011
-88.106662 43.342703 10101100 11011000
-76.640738 28.687788 11010010 10100110
-105.874595 38.385233 01011000 01100010
-87.6792 30.033232 10100011 10001101
-86.283026 47.306968 10101111 11011101
-122.326145 43.369865 00001100 01010000
-92.313792 43.461883 10011100 11010010
-90.104775 41.994025 10011011 11000111
-102.697885 48.176482 01101111 01111101
-96.24798 25.993985 10000000 10000000
-119.927288 29.758735 00010010 00000110
-106.077287 29.727431 01010010 00100110
-93.360302 44.330151 10001100 11010000
-114.886743 41.761358 00101011 01001101
-112.4301 43.442008 00111100 01011010
-87.97631 48.62874 10101111 11011101
-116.303702 42.234051 00101011 01001101
-74.78687 47.588986 11101111 11111101
-77.484073 40.792812 11011010 11100110
-91.466071 37.636477 10011000 11000010
-102.357299 43.174638 01101100 01111000
-99.465025 41.766485 01111011 01101111
-98.59129 47.256826 01111111 01111111
-83.426339 29.506811 10110010 10001110
-86.107241 33.973745 10100101 10011001
-104.07789 28.772295 01010010 00100110
-99.492897 25.798563 01110000 00101010
-102.568981 48.458782 01101111 01111101
-68.639208 39.645733 11111001 11101011
-103.017514 37.953058 01101000 01101000
-81.467701 44.897409 11001101 11110001
-73.351105 43.195943 11101100 11111000
-117.139791 44.377929 00101101 01011001
-103.805523 33.342298 01010101 00110011
-108.287885 40.132152 01001010 01100100
-85.546867 34.820376 10110110 10011110
-120.457464 31.219797 00010011 00000111
-90.096075 35.559354 10010110 10010110
-107.68548 33.231785 01000101 00110001
-122.494577 31.967707 00000100 00010000
-77.971553 37.35424 11011000 11100010
-75.214332 32.175941 11100100 10111000
-81.66673 44.439419 11001101 11110001
-68.842103 40.239333 11111010 11101110
-71.915301 27.45132 11100001 10101001
-108.996322 36.658262 01000111 00110101
-99.313694 34.502038 01110110 00111110
-71.107457 28.051864 11110001 10101011
-103.518419 34.756828 01100110 00111100
-105.164515 27.728537 01010001 00100011
-107.155453 44.647538 01011101 01110011
-112.306481 27.791602 00110001 00001011
-82.05508 42.256025 11001011 11100101
-103.256751 33.46754 01100101 00111001
-96.218811 47.548079 10001111 11010101
-70.387474 41.699784 11111011 11101111
-122.290229 34.946101 00000110 00010100
-88.489003 43.592912 10101100 11011000
-96.511236 38.747861 10001001 11000001
-88.215116 38.737851 10101001 11001001
-80.928976 34.42141 11000110 10110100
-85.159989 36.17372 10110111 10011111
-111.675846 25.884375 00110000 00001010
-91.869952 27.392528 10010001 10000011
-96.979129 48.67129 01111111 01111111
-84.623743 32.327525 10110100 10011010
-81.741072 28.163031 11000001 10100001
-93.403016 26.633477 10000000 10000000
-97.267021 44.08808 01111100 01111010
-108.564703 30.555233 01000011 00100101
-119.247623 28.440229 00010001 00000011
-108.51085 31.651761 01000100 00110000
-106.192049 43.475109 01011100 01110010
-116.178312 36.155145 00100111 00011101
-75.40587 35.643325 11010110 10110110
-70.258931 47.520633 11111111 11111111
-99.082703 43.623249 01111100 01111010
-86.833596 42.082292 10101011 11001101
-108.806162 28.364482 01000001 00100001
-84.109846 34.414366 10110110 10011110
-116.765713 30.007145 00100010 00001100
-70.723998 45.016299 11111101 11111011
-105.194475 31.438332 01010011 00100111
-86.699079 45.385184 10101101 11011001
-95.160086 37.764396 10001000 11000000
-110.059757 29.498348 01000010 00100100
-78.821719 42.547538 11011011 11100111
-82.145647 35.358971 11000110 10110100
-74.335771 46.989096 11101110 11111100
-69.932879 35.88907 11110111 10111111
-113.021986 42.765135 00111011 01001111
-107.549867 39.816668 01001001 01100001
-99.241236 34.822932 01110110 00111110
-90.483077 25.753717 10010000 10000010
-100.889184 32.805475 01100100 00111000
-111.760696 46.455265 00111110 01011110
-76.700293 37.02538 11010111 10110111
-71.285983 39.847956 11111001 11101011
-73.942313 38.213681 11101000 11101000
-113.175023 35.451907 00110110 00011110
-110.570761 44.808139 01001101 01110001
-97.78371 31.073897 01110011 00101111
-68.922888 46.127563 11111110 11111110
-106.865614 48.252747 01011111 01110111
-97.374291 47.639986 01111111 01111111
-113.561443 43.135635 00111100 01011010
-110.027513 34.391273 01000110 00110100
-105.260994 35.18104 01010110 00110110
-80.508303 36.366628 11000111 10110101
-71.647357 41.577006 11111011 11101111
-89.671787 33.446553 10010101 10010011
-80.59139 42.080578 11001011 11100101
-70.952905 26.153819 11110000 10101010
-112.817696 39.621142 00111001 01001011
-77.222831 27.932295 11010001 10100011
-91.512522 39.48054 10011001 11000011
-103.763973 42.853767 01011011 01100111
-75.193626 28.328264 11100001 10101001
-79.908681 32.55542 11000100 10110000
-86.976158 37.452863 10101000 11001000
-118.973158 44.771885 00011101 01010011
-82.394214 29.432912 11000010 10100100
-69.993891 27.894279 11110001 10101011
-70.261868 34.834258 11110110 10111110
-96.482812 39.326895 10001001 11000001
-87.955527 32.023641 10100100 10011000
-121.232627 28.290653 00010001 00000011
-117.012738 26.453339 00100000 00001000
-114.826782 29.242999 00100010 00001100
-108.135679 39.94711 01001001 01100001
-104.901245 32.859548 01010100 00110010
-78.444193 25.887832 11010000 10100010
-77.014352 44.940633 11011101 11110011
-77.510506 38.880556 11011001 11100011
-109.538793 26.295773 01000000 00100000
-98.632173 48.557645 01111111 01111111
-92.676742 45.683732 10011101 11010011
-75.081049 44.317412 11101100 11111000
-116.625476 32.511978 00100100 00011000
-69.248082 33.899822 11110101 10111011
-113.497635 38.077978 00111000 01001010
-112.534588 44.120875 00111100 01011010
-108.597967 32.5029 01000100 00110000
-99.450035 41.62022 01111011 01101111
-104.642779 46.648465 01011110 01110110
-89.888524 26.007409 10010000 10000010
-84.04442 27.318125 10110001 10001011
-107.38455 35.737187 01000110 00110100
-120.217917 35.328998 00010110 00010110
-96.105118 26.051004 10000000 10000000
-86.296923 26.716001 10100000 10001000
-81.168475 30.414028 11000011 10100101
-97.328769 27.668782 01110001 00101011
-95.370326 30.05566 10000011 10000101
-89.814437 42.7138 10011011 11000111
-110.595118 30.142349 01000011 00100101
-123.331811 47.99006 00001111 01010101
-98.897325 41.87276 01111011 01101111
-75.089815 47.392919 11101111 11111101
-68.544283 38.344748 11111000 11101010
-81.621168 35.15724 11000110 10110100
-102.497894 47.546085 01101111 01111101
-102.757913 28.056854 01100001 00101001
-106.431914 33.238677 01010101 00110011
-74.240933 26.002325 11100000 10101000
-107.016758 41.890607 01011011 01100111
-86.097695 28.079768 10100001 10001001
-110.115312 32.534538 01000100 00110000
-119.753949 46.582476 00011110 01010110
-73.939747 44.914501 11101101 11111001
-107.191198 41.706538 01001011 01100101
-91.433448 40.691618 10011010 11000110
-85.905308 42.815544 10111011 11001111
-79.214634 38.20818 11001000 11100000
-110.921672 42.407926 00111011 01001111
-72.913269 34.447059 11100110 10111100
-92.276032 48.18538 10011111 11010111
-120.409171 41.990951 00011011 01000111
-113.800655 26.735515 00110000 00001010
-93.836961 45.626938 10001101 11010001
-85.478419 38.604296 10111000 11001010
-118.706738 29.328126 00010010 00000110
-78.295149 35.323305 11010110 10110110
-91.624044 28.611136 10010010 10000110
-98.987865 44.008686 01111100 01111010
-72.183372 33.566255 11100101 10111001
-81.913852 26.564946 11000000 10100000
-121.238152 46.354855 00011110 01010110
-69.848441 29.989688 11110010 10101110
-97.876559 29.613568 01110010 00101110
-71.341267 30.534319 11110011 10101111
-101.358432 42.807828 01101011 01101101
-69.81313 34.375033 11110110 10111110
-77.549817 37.400162 11011000 11100010
-108.455884 41.660247 01001011 01100101
-113.249575 29.633039 00110010 00001110
-98.964496 46.266706 01111110 01111110
-97.54967 29.984473 01110010 00101110
-78.273865 41.158246 11011010 11100110
-95.176686 43.763673 10001100 11010000
-90.558167 30.662055 10010011 10000111
-73.66772 29.003392 11100010 10101100
-92.755545 43.501763 10011100 11010010
-118.25691 35.798036 00010111 00010111
-109.856295 45.62328 01001101 01110001
-121.838981 43.555676 00001100 01010000
-119.99643 41.856189 00011011 01000111
-73.218133 33.200258 11100101 10111001
-104.423249 41.141074 01011010 01100110
-92.893676 34.625542 10010110 10010110
-109.772392 47.576466 01001111 01110101
-106.839674 27.334247 01010001 00100011
-72.896055 47.609023 11101111 11111101
-82.355833 28.133684 11000001 10100001
-112.335541 44.898714 00111101 01011011
-107.705601 45.709831 01001101 01110001
-69.727478 37.301016 11111000 11101010
-70.741646 39.412675 11111001 11101011
-106.622281 38.02564 01011000 01100010
-122.045172 46.227728 00001110 01010100
-92.121457 34.731178 10010110 10010110
-69.252922 34.530571 11110110 10111110
-108.267534 29.72693 01000010 00100100
-84.963032 31.318578 10110011 10001111
-111.992475 30.675704 00110011 00001111
-71.448928 39.593508 11111001 11101011
-70.074233 47.683156 11111111 11111111
-94.184109 48.597761 10001111 11010101
-93.887473 31.716518 10000100 10010000
-120.032553 39.535902 00011001 01000011
-79.779201 32.614964 11000100 10110000
-86.404409 47.786594 10101111 11011101
-81.182722 28.403027 11000001 10100001
-78.407945 44.968025 11011101 11110011
-100.578481 36.829288 01100111 00111101
-105.23481 28.292705 01010001 00100011
-92.335876 41.65599 10011011 11000111
-97.873373 30.727324 01110011 00101111
-82.81695 42.630115 10111011 11001111
-92.351338 44.897655 10011101 11010011
-118.10307 31.990307 00010100 00010010
-123.938498 27.481236 00000001 00000001
-97.229744 46.675443 01111110 01111110
-119.231212 36.165401 00010111 00010111
-81.663108 29.348506 11000010 10100100
-107.28277 43.153866 01001100 01110000
-106.462189 44.952814 01011101 01110011
-112.134361 44.805518 00111101 01011011
-84.284929 42.765915 10111011 11001111
-103.756076 47.115194 01011110 01110110
-102.290723 29.711676 01100010 00101100
-105.218503 29.076899 01010010 00100110
-119.184473 33.049157 00010101 00010011
-106.170307 37.434823 01011000 01100010
-81.895297 30.033437 11000011 10100101
-75.221263 35.146045 11100110 10111100
-110.247576 43.239904 01001100 01110000
-78.910239 34.039632 11000101 10110001
-75.800044 28.183914 11010001 10100011
-106.839963 39.71846 01011001 01100011
-73.666176 32.154395 11100100 10111000
-76.029175 42.887565 11011011 11100111
-116.369466 45.484242 00101101 01011001
-105.737835 45.905673 01011110 01110110
-88.166694 44.192953 10101100 11011000
-99.25539 44.008991 01111100 01111010
-120.590259 45.405824 00011101 01010011
-81.462721 38.516714 11001000 11100000
-84.01277 31.047155 10110011 10001111
-116.805769 30.267891 00100011 00001101
-97.685488 28.78578 01110010 00101110
-90.633566 36.860945 10010111 10010111
-109.142112 40.377145 01001010 01100100
-96.53347 40.98694 10001010 11000100
-69.73706 39.979159 11111001 11101011
-109.983371 36.138854 01000111 00110101
-99.105388 44.06139 01111100 01111010
-101.881647 41.104712 01101010 01101100
-121.058807 37.519163 00011000 01000010
-97.73751 32.123471 01110100 00111010
-95.587666 45.045576 10001101 11010001
-98.00458 35.471546 01110110 00111110
-107.65126 42.294493 01001011 01100101
-92.736442 39.055836 10011001 11000011
-81.566699 39.800511 11001001 11100001
-99.208251 26.727325 01110000 00101010
-119.786449 29.448888 00010010 00000110
-72.867208 48.207327 11101111 11111101
-91.246768 34.708928 10010110 10010110
-91.831384 34.49069 10010110 10010110
-119.961012 30.894577 00010011 00000111
-70.33503 27.662762 11110001 10101011
-123.528994 46.611541 00001110 01010100
-90.34249 27.335517 10010001 10000011
-123.30573 27.389912 00000001 00000001
-117.541429 33.930938 00100101 00011001
-110.242568 31.762932 01000100 00110000
-106.446533 45.986214 01011110 01110110
-94.281712 38.973026 10001001 11000001
-86.770905 40.315195 10101010 11001100
-104.523565 29.519454 01010010 00100110
-108.525388 40.842293 01001010 01100100
-118.339534 39.406007 00011001 01000011
-87.752855 46.208206 10101110 11011100
-73.786416 30.045618 11100011 10101101
-89.803492 41.486445 10011010 11000110
-87.703346 48.192885 10101111 11011101
-82.717431 38.909033 10111001 11001011
-92.225573 27.558131 10010001 10000011
-91.635407 39.558689 10011001 11000011
-116.037779 29.459978 00100010 00001100
-70.045994 41.60778 11111011 11101111
-122.623609 48.395202 00001111 01010101
-122.44062 39.387879 00001001 01000001
-73.836166 36.729302 11100111 10111101
-123.032657 41.351164 00001010 01000100
-69.09518 35.463167 11110110 10111110
-90.069026 47.234346 10011110 11010110
-108.294597 32.642056 01000100 00110000
-107.464391 47.548346 01001111 01110101
-107.577402 28.752886 01000010 00100100
-69.169255 40.464873 11111010 11101110
-81.303441 25.855497 11000000 10100000
-116.334678 47.238524 00101110 01011100
-100.751004 38.265273 01101000 01101000
-97.080819 33.914799 01110101 00111011
-91.659993 32.459289 10010100 10010010
-80.726482 35.581906 11000110 10110100
-102.736624 36.162219 01100111 00111101
-80.596726 35.355081 11000110 10110100
-115.839928 44.046222 00101100 01011000
-94.73008 46.841233 10001110 11010100
-123.403803 38.796438 00001001 01000001
-113.336182 35.000724 00110110 00011110
-96.72001 27.388453 01110001 00101011
-69.851955 42.410614 11111011 11101111
-92.761978 29.279242 10010010 10000110
-115.415205 33.861783 00100101 00011001
-79.789092 48.169456 11001111 11110101
-70.070648 41.695911 11111011 11101111
-98.29442 38.717587 01111001 01101011
-81.101053 33.747793 11000101 10110001
-90.070931 30.514521 10010011 10000111
-92.341402 33.369904 10010101 10010011
-84.569162 37.762801 10111000 11001010
-92.76305 25.715451 10010000 10000010
-115.037523 30.845933 00100011 00001101
-110.328322 33.828684 01000101 00110001
-78.355934 31.302201 11010011 10100111
-101.726037 48.048502 01101111 01111101
-111.252307 27.46872 00110001 00001011
-80.819514 42.538088 11001011 11100101
-68.33641 26.644635 11110000 10101010
-119.062037 40.858023 00011010 01000110
-83.312007 43.441843 10111100 11011010
-76.954405 38.253205 11011000 11100010
-114.361772 46.982337 00101110 01011100
-90.759645 41.132346 10011010 11000110
-87.273566 38.476732 10101000 11001000
-99.920706 26.778259 01110000 00101010
-87.615985 42.855514 10101011 11001101
-106.386646 46.611428 01011110 01110110
-109.745273 30.698122 01000011 00100101
-91.303822 41.30706 10011010 11000110
-83.468132 45.727666 10111101 11011011
-105.030377 39.598785 01011001 01100011
-111.589792 45.567175 00111101 01011011
-108.861105 48.270349 01001111 01110101
-98.191695 27.375523 01110001 00101011
-122.827848 45.045413 00001101 01010001
-82.95362 44.89482 10111101 11011011
-123.913081 39.869574 00001001 01000001
-74.897167 30.340119 11100011 10101101
-71.541497 43.96319 11111100 11111010
-92.473064 34.119395 10010101 10010011
-90.158045 27.587626 10010001 10000011
-73.557721 37.494764 11101000 11101000
-84.422842 27.50851 10110001 10001011
-122.430605 34.945431 00000110 00010100
-86.006009 26.597463 10100000 10001000
-85.598025 48.395541 10111111 11011111
-124.218848 34.732537 00000110 00010100
-95.323325 36.139961 10000111 10010101
-105.635486 37.92245 01011000 01100010
-121.558965 44.430248 00001101 01010001
-100.81379 46.268705 01101110 01111100
-104.595709 42.483553 01011011 01100111
-90.488357 44.735953 10011101 11010011
-85.123024 31.955674 10110100 10011010
-80.259838 38.208753 11001000 11100000
-85.769426 45.429149 10111101 11011011
-109.697904 26.4686 01000000 00100000
-79.589613 39.29988 11001001 11100001
-112.506396 25.771507 00110000 00001010
-116.805239 34.792929 00100110 00011100
-82.752493 28.331812 10110001 10001011
-79.837107 27.156538 11000001 10100001
-82.806212 38.194139 10111000 11001010
-86.811071 48.073785 10101111 11011101
-71.48967 36.933468 11110111 10111111
-79.15284 37.658551 11001000 11100000
-103.591988 44.362796 01101100 01111000
-72.161311 34.362426 11100110 10111100
-121.618374 45.277494 00001101 01010001
-75.422908 39.217267 11011001 11100011
-121.006476 30.872937 00010011 00000111
-107.738242 26.942321 01000000 00100000
-94.425544 37.40977 10001000 11000000
-103.909513 37.959503 01011000 01100010
-122.091102 31.346379 00000011 00000101
-99.731666 39.080887 01111001 01101011
-86.241209 27.316621 10100001 10001001
-105.487968 33.49007 01010101 00110011
-86.298527 43.499647 10101100 11011000
-93.995321 34.308512 10000101 10010001
-94.230664 48.562324 10001111 11010101
-116.917001 40.988338 00101010 01001100
-118.309759 35.182901 00010110 00010110
-84.513129 36.806472 10110111 10011111
-117.611387 29.399278 00100010 00001100
-83.739504 41.674656 10111011 11001111
-85.234958 35.150419 10110110 10011110
-76.408758 41.96957 11011011 11100111
-110.645717 32.406513 01000100 00110000
-111.257198 36.322817 00110111 00011111
-106.838895 42.156219 01011011 01100111
-113.248395 33.284664 00110101 00011011
-89.387482 45.090423 10101101 11011001
-72.024073 29.443125 11100010 10101100
-92.437215 39.981259 10011001 11000011
-118.059594 42.002865 00011011 01000111
-106.450966 41.382426 01011010 01100110
-103.288512 28.409657 01100001 00101001
-68.300988 30.413053 11110011 10101111
-115.530783 41.10262 00101010 01001100
-124.172618 41.402167 00001010 01000100
-70.811605 37.382544 11111000 11101010
-107.269911 46.290098 01001110 01110100
-95.722711 27.12936 10000000 10000000
-74.270302 30.57437 11100011 10101101
-73.606839 42.767638 11101011 11101101
-124.77374 31.193631 00000011 00000101
-88.414597 29.051742 10100010 10001100
-82.082952 32.2448 11000100 10110000
-122.516871 33.278884 00000101 00010001
-95.917176 29.253398 10000010 10000100
-74.429059 36.693209 11100111 10111101
-68.892501 28.031287 11110001 10101011
-73.046025 35.598224 11100110 10111100
-93.701568 43.726017 10001100 11010000
-71.246772 43.750005 11111100 11111010
-122.616733 38.404981 00001000 01000000
-88.932361 45.076468 10101101 11011001
-118.368861 32.62284 00010100 00010010
-95.199035 46.535722 10001110 11010100
-108.289808 31.581627 01000100 00110000
-74.311989 26.330711 11100000 10101000
-114.499696 46.502609 00101110 01011100
-98.662527 31.995121 01110100 00111010
-68.576966 40.380595 11111010 11101110
-91.261348 46.992759 10011110 11010110
-120.094219 39.615008 00011001 01000011
-106.203871 38.083132 01011000 01100010
-98.759405 39.963567 01111001 01101011
-97.874275 43.306939 01111100 01111010
-122.590346 31.809232 00000100 00010000
-119.14295 46.600875 00011110 01010110
-97.546975 36.144537 01110111 00111111
-96.744075 41.783404 01111011 01101111
-99.204109 45.121986 01111101 01111011
-74.276901 36.411759 11100111 10111101
-95.259935 34.594165 10000110 10010100
-107.811069 29.8518 01000010 00100100
-119.770316 42.061422 00011011 01000111
-78.777884 31.111538 11010011 10100111
-121.779831 46.003107 00001110 01010100
-121.455443 29.859687 00000010 00000100
-100.579995 35.019599 01100110 00111100
-73.151751 27.65073 11100001 10101001
-118.48883 32.663696 00010100 00010010
-121.333254 47.484635 00001111 01010101
-119.325585 31.449866 00010011 00000111
-72.733826 38.427469 11101000 11101000
-70.707684 27.311219 11110001 10101011
-70.955511 44.089423 11111100 11111010
-96.884848 43.50814 01111100 01111010
-74.056057 39.357445 11101001 11101001
-94.4671 39.36414 10001001 11000001
-112.581718 39.143062 00111001 01001011
-101.727105 48.29194 01101111 01111101
-113.1843 44.280665 00111100 01011010
-106.59587 35.081704 01010110 00110110
-94.08405 44.351945 10001100 11010000
-85.215242 28.718459 10110010 10001110
-112.318791 30.062069 00110011 00001111
-72.057145 31.423481 11100011 10101101
-69.52533 28.987448 11110010 10101110
-76.19712 44.748961 11011101 11110011
-123.68715 38.312575 00001000 01000000
-72.710822 28.467032 11100001 10101001
-103.688393 45.92975 01011110 01110110
-91.417714 47.623665 10011111 11010111
-74.530183 43.897021 11101100 11111000
-123.905345 40.947848 00001010 01000100
-95.847059 33.142969 10000101 10010001
-102.890544 27.528423 01100001 00101001
-76.658205 47.564521 11011111 11110111
-119.36367 38.16843 00011000 01000010
-103.659305 34.614358 01010110 00110110
-99.535423 45.530065 01111101 01111011
-91.205616 35.314657 10010110 10010110
-114.534356 46.783907 00101110 01011100
-95.96338 41.105101 10001010 11000100
-116.286283 28.51161 00100001 00001001
-119.842331 28.582987 00010001 00000011
-80.935873 37.32381 11001000 11100000
-117.561085 31.123575 00100011 00001101
-79.497761 28.322214 11000001 10100001
-72.007754 38.031427 11101000 11101000
-71.148122 29.538187 11110010 10101110
-95.339399 42.774007 10001011 11000101
-112.01772 46.141975 00111110 01011110
-70.742913 29.500169 11110010 10101110
-86.937132 35.677928 10100110 10011100
-84.758124 29.988497 10110010 10001110
-102.219563 36.104177 01100111 00111101
-75.963002 25.774788 11010000 10100010
-124.000848 46.775741 00001110 01010100
-83.358877 35.884412 10110111 10011111
-113.246413 45.2401 00111101 01011011
-77.568582 41.449712 11011010 11100110
-121.698868 26.72082 00000000 00000000
-75.790483 26.197425 11010000 10100010
-120.935426 31.744899 00010100 00010010
-82.02593 35.602677 11000110 10110100
-101.006992 29.867857 01100010 00101100
-119.618305 46.223348 00011110 01010110
-110.916198 39.741388 00111001 01001011
-99.395559 44.046476 01111100 01111010
-81.873717 43.434075 11001100 11110000
-89.224603 27.035815 10100000 10001000
-115.420479 30.315247 00100011 00001101
-88.344288 27.71106 10100001 10001001
-92.29277 43.385904 10011100 11010010
-71.993863 37.975433 11101000 11101000
-101.476443 35.9169 01100111 00111101
-89.002557 43.307998 10101100 11011000
-112.199668 32.728688 00110100 00011010
-93.024949 44.187114 10011100 11010010
-93.024957 43.111494 10011100 11010010
-96.056838 41.014005 10001010 11000100
-116.708432 30.87329 00100011 00001101
-95.242415 33.722704 10000101 10010001
-105.118381 32.854266 01010100 00110010
-87.543024 43.9626 10101100 11011000
-80.257381 45.407146 11001101 11110001
-110.361098 43.931295 01001100 01110000
-105.485547 35.913565 01010111 00110111
-85.294361 38.014052 10111000 11001010
-121.103621 29.085706 00010010 00000110
-114.809227 34.304036 00100101 00011001
-90.017533 30.03986 10010011 10000111
-105.255059 41.656428 01011011 01100111
-93.133476 26.774236 10000000 10000000
-79.016251 45.757499 11001101 11110001
-86.734116 37.956723 10101000 11001000
-76.904437 32.703511 11010100 10110010
-114.049013 46.812409 00111110 01011110
-75.489533 46.575778 11011110 11110110
-110.116999 43.567625 01001100 01110000
-101.04992 34.431331 01100110 00111100
-96.036036 37.805389 10001000 11000000
-104.99394 37.122197 01010111 00110111
-95.15763 38.481096 10001000 11000000
-76.277095 44.324489 11011100 11110010
-108.340176 27.584843 01000001 00100001
-96.897642 27.500962 01110001 00101011
-100.855006 46.359572 01101110 01111100
-76.676451 35.61737 11010110 10110110
-87.883074 42.687053 10101011 11001101
-75.405431 43.979279 11011100 11110010
-114.643927 48.530848 00101111 01011101
-77.690104 45.768968 11011101 11110011
-98.457668 45.672342 01111101 01111011
-116.337801 41.123327 00101010 01001100
-121.461096 29.174904 00000010 00000100
-117.212688 30.08494 00100011 00001101
-97.586371 35.210984 01110110 00111110
-71.916841 36.298868 11100111 10111101
-82.765331 45.265077 10111101 11011011
-123.646701 35.201431 00000110 00010100
-115.211366 40.58881 00101010 01001100
-113.688343 34.865028 00110110 00011110
-120.332315 40.365841 00011010 01000110
-82.288712 28.281101 11000001 10100001
-69.381379 41.825424 11111011 11101111
-68.748897 42.657443 11111011 11101111
-121.117033 27.142228 00010000 00000010
-116.534924 43.638408 00101100 01011000
-102.653446 32.001738 01100100 00111000
-74.402466 48.546622 11101111 11111101
-97.011915 45.110174 01111101 01111011
-109.863306 33.655839 01000101 00110001
-74.398087 27.275009 11100001 10101001
-101.81382 26.776795 01100000 00101000
-79.695847 46.550135 11001110 11110100
-84.566083 34.786626 10110110 10011110
-83.978833 39.869749 10111001 11001011
-77.752486 44.345862 11011100 11110010
-105.174002 47.833265 01011111 01110111
-80.492062 43.446687 11001100 11110000
-119.542507 33.123982 00010101 00010011
-100.467007 26.433674 01100000 00101000
-96.598978 46.254968 01111110 01111110
-118.231917 26.716516 00010000 00000010
-106.80303 42.974585 01011100 01110010
-90.911736 44.754664 10011101 11010011
-92.855611 31.414884 10010011 10000111
-81.190563 47.737472 11001111 11110101
-112.380603 35.281419 00110110 00011110
-87.368379 27.219936 10100001 10001001
-124.65348 43.878945 00001100 01010000
-84.950783 35.625799 10110110 10011110
-123.242893 39.106895 00001001 01000001
-110.695439 30.914643 01000011 00100101
-71.416994 30.554372 11110011 10101111
-101.728467 43.391128 01101100 01111000
-73.776611 46.074601 11101110 11111100
-79.427986 37.11888 11000111 10110101
-97.956656 42.850067 01111011 01101111
-121.003962 44.930648 00011101 01010011
-115.872516 46.20014 00101110 01011100
-92.057792 47.197481 10011110 11010110
-71.783212 42.199517 11111011 11101111
-68.578265 39.257712 11111001 11101011
-109.900176 27.386952 01000001 00100001
-84.03752 29.629166 10110010 10001110
-76.608089 41.752938 11011011 11100111
-112.373352 47.869205 00111111 01011111
-87.291402 27.27428 10100001 10001001
-107.070872 44.808229 01011101 01110011
-124.753351 32.985722 00000101 00010001
-119.018493 34.801439 00010110 00010110
-93.857318 37.038194 10000111 10010101
-117.849428 26.15043 00010000 00000010
-89.955793 37.366277 10011000 11000010
-97.461455 33.778769 01110101 00111011
-82.880172 26.413611 10110000 10001010
-88.584433 36.617039 10100111 10011101
-91.822497 33.725469 10010101 10010011
-98.161008 28.945551 01110010 00101110
-68.427263 48.583897 11111111 11111111
-104.616917 42.788916 01011011 01100111
-120.313292 37.269241 00011000 01000010
-114.598226 46.629107 00101110 01011100
-119.175449 27.739576 00010001 00000011
-83.381799 38.570502 10111000 11001010
-120.99114 41.081557 00011010 01000110
-77.461145 29.793452 11010010 10100110
-103.286404 38.992865 01101001 01101001
-117.044937 45.958003 00101110 01011100
-88.967056 34.729086 10100110 10011100
-97.244419 36.663222 01110111 00111111
-102.54102 42.82528 01101011 01101101
-114.33644 36.811921 00100111 00011101
-110.738363 26.569522 00110000 00001010
-113.396893 41.62723 00111011 01001111
-80.513088 48.543397 11001111 11110101
-111.680701 43.920452 00111100 01011010
-88.335414 42.149987 10101011 11001101
-122.657462 35.716514 00000110 00010100
-91.656528 41.880977 10011011 11000111
-95.294838 41.616337 10001011 11000101
-116.908401 37.186569 00100111 00011101
-110.996054 34.298151 00110101 00011011
-94.412282 37.876038 10001000 11000000
-102.883451 33.687967 01100101 00111001
-71.212399 32.427076 11110100 10111010
-117.06192 43.989474 00101100 01011000
-111.219731 38.905718 00111001 01001011
-115.063906 42.310384 00101011 01001101
-113.986325 33.14548 00110101 00011011
-76.75291 43.691034 11011100 11110010
-99.993557 39.035465 01111001 01101011
-122.997724 33.793367 00000101 00010001
-118.238723 33.795531 00010101 00010011
-87.174077 32.50563 10100100 10011000
-68.479317 26.532125 11110000 10101010
-90.959776 27.651259 10010001 10000011
-111.63259 32.76546 00110100 00011010
-69.146987 29.359362 11110010 10101110
-90.428612 46.421381 10011110 11010110
-94.087587 25.719457 10000000 10000000
-70.042482 32.267207 11110100 10111010
-122.619601 34.784519 00000110 00010100
-83.670452 36.303313 10110111 10011111
-98.774829 35.144887 01110110 00111110
-85.029603 37.717613 10111000 11001010
-103.006043 40.001538 01101001 01101001
-88.707704 41.112619 10101010 11001100
-118.631007 45.985247 00011110 01010110
-69.682629 30.613135 11110011 10101111
-78.818936 31.352922 11010011 10100111
-116.306142 31.594331 00100100 00011000
-68.326464 37.73064 11111000 11101010
-69.024112 44.51315 11111101 11111011
-80.009374 25.740504 11000000 10100000
-73.546288 42.414344 11101011 11101101
-97.658127 33.451303 01110101 00111011
-94.353113 44.32361 10001100 11010000
-80.938395 48.554137 11001111 11110101
-75.677613 35.25636 11010110 10110110
-123.145138 33.301147 00000101 00010001
-72.714261 40.391275 11101010 11101100
-86.471716 43.128675 10101100 11011000
-115.239823 40.279444 00101010 01001100
-117.61243 29.891832 00100010 00001100
-106.878858 27.457233 01010001 00100011
-88.817675 25.968531 10100000 10001000
-118.199066 26.915279 00010000 00000010
-111.968216 42.116116 00111011 01001111
-79.566994 48.301766 11001111 11110101
-83.626479 42.530404 10111011 11001111
-77.434546 35.530177 11010110 10110110
-89.927734 28.289853 10010001 10000011
-122.835213 48.623764 00001111 01010101
-87.962597 46.185937 10101110 11011100
-84.298328 46.458977 10111110 11011110
-91.686745 44.502506 10011101 11010011
-101.007895 38.74148 01101001 01101001
-95.632062 41.230858 10001010 11000100
-94.392025 30.045782 10000011 10000101
-112.899396 32.446931 00110100 00011010
-97.559347 32.374396 01110100 00111010
-80.393617 33.31308 11000101 10110001
-69.739204 27.159646 11110001 10101011
-111.316008 34.800786 00110110 00011110
-124.078318 37.303684 00001000 01000000
-118.615715 44.204301 00011100 01010010
-76.03911 44.532103 11011101 11110011
-124.740824 47.323069 00001111 01010101
-89.160121 40.911281 10101010 11001100
-110.367661 30.798968 01000011 00100101
-93.59846 36.158523 10000111 10010101
-122.75713 28.698061 00000010 00000100
-119.19763 27.477114 00010001 00000011
-91.89521 44.989854 10011101 11010011
-101.267033 40.495091 01101010 01101100
-119.307956 46.855885 00011110 01010110
-120.705346 32.372202 00010100 00010010
-93.05095 38.622181 10001000 11000000
-93.699776 43.770829 10001100 11010000
-94.183286 27.627017 10000001 10000001
-90.122352 34.980578 10010110 10010110
-88.572596 31.391625 10100011 10001101
-93.268238 42.256572 10001011 11000101
-87.669984 40.663182 10101010 11001100
-112.794758 36.146059 00110111 00011111
-105.651248 26.551415 01010000 00100010
-107.786592 48.648383 01001111 01110101
-104.740426 41.535344 01011011 01100111
-77.445534 27.626179 11010001 10100011
-76.161721 41.316636 11011010 11100110
-99.686287 48.499487 01111111 01111111
-79.727902 45.184924 11001101 11110001
-73.781131 37.52202 11101000 11101000
-88.404893 33.839442 10100101 10011001
-88.374734 36.304575 10100111 10011101
-71.905227 47.365326 11101111 11111101
-69.428755 28.482347 11110001 10101011
-111.928489 44.157433 00111100 01011010
-109.055816 40.666386 01001010 01100100
-86.747562 46.212569 10101110 11011100
-98.165591 41.227192 01111010 01101110
-96.016664 41.745623 10001011 11000101
-86.84778 35.255317 10100110 10011100
-107.063902 41.97521 01011011 01100111
-99.402122 41.873604 01111011 01101111
-68.911043 26.108983 11110000 10101010
-75.421956 33.745348 11010101 10110011
-110.709435 45.496421 01001101 01110001
-105.73503 31.114934 01010011 00100111
-75.247238 46.089476 11101110 11111100
-113.239109 35.415271 00110110 00011110
-103.577179 32.385867 01100100 00111000
-115.632623 40.678236 00101010 01001100
-68.592132 43.341356 11111100 11111010
-73.09478 28.837045 11100010 10101100
-93.042348 37.185858 10010111 10010111
-88.841436 31.394794 10100011 10001101
-111.150547 27.715826 00110001 00001011
-95.970329 44.488349 10001101 11010001
-90.583502 41.68667 10011011 11000111
-100.99195 39.420074 01101001 01101001
-121.903675 35.663143 00000110 00010100
-93.153262 31.259468 10000011 10000101
-96.942806 41.249235 01111010 01101110
-92.906281 44.093123 10011100 11010010
-89.356436 29.851703 10100010 10001100
-68.672274 35.506432 11110110 10111110
-98.302666 30.911022 01110011 00101111
-113.222257 30.714729 00110011 00001111
-69.637615 26.001008 11110000 10101010
-111.13904 28.04019 00110001 00001011
-104.553873 28.142953 01010001 00100011
-103.262636 33.679201 01100101 00111001
-84.79295 28.750145 10110010 10001110
-74.478462 26.799122 11100000 10101000
-77.613363 33.437785 11010101 10110011
-72.245072 27.788825 11100001 10101001
-106.804568 27.429536 01010001 00100011
-79.051384 31.125739 11000011 10100101
-77.899749 34.157266 11010101 10110011
-110.495548 43.651304 01001100 01110000
-112.950396 47.794172 00111111 01011111
-113.012925 36.063086 00110111 00011111
-119.534448 46.182107 00011110 01010110
-68.987984 48.059502 11111111 11111111
-123.77611 41.883668 00001011 01000101
-103.19163 45.701819 01101101 01111001
-69.340809 37.544456 11111000 11101010
-102.902506 30.262927 01100011 00101101
-72.991891 29.17527 11100010 10101100
-101.551893 46.44535 01101110 01111100
-74.114574 31.558796 11100100 10111000
-88.294478 39.299617 10101001 11001001
-101.41001 35.07177 01100110 00111100
-93.076432 35.497782 10000110 10010100
-96.565446 44.166958 10001100 11010000
-116.737587 37.996698 00101000 01001000
-75.278928 39.658931 11101001 11101001
-90.683089 36.414509 10010111 10010111
-87.83249 45.382566 10101101 11011001
-118.48728 31.305984 00010011 00000111
-104.287534 30.52855 01010011 00100111
-76.847894 31.603736 11010100 10110010
-105.571858 33.168752 01010101 00110011
-121.160492 37.802302 00011000 01000010
-86.557628 37.416943 10101000 11001000
-111.654959 39.053417 00111001 01001011
-111.935273 29.225937 00110010 00001110
-77.838947 43.695251 11011100 11110010
-100.005535 35.045071 01110110 00111110
-100.507907 31.714422 01100100 00111000
-104.548168 39.126844 01011001 01100011
-123.248579 41.220613 00001010 01000100
-75.852796 40.602816 11011010 11100110
-93.8353 41.354241 10001010 11000100
-98.912535 28.949152 01110010 00101110
-106.029265 44.230136 01011100 01110010
-101.310276 41.783542 01101011 01101101
-85.722466 31.5798 10110100 10011010
-84.619311 32.671517 10110100 10011010
-71.897379 29.632637 11100010 10101100
-75.405083 28.018538 11010001 10100011
-106.752673 45.196383 01011101 01110011
-99.808762 44.846724 01111101 01111011
-113.154775 28.113763 00110001 00001011
-94.932198 41.53648 10001011 11000101
-119.989676 30.828031 00010011 00000111
-121.662339 48.312976 00001111 01010101
-87.464614 47.591619 10101111 11011101
-122.82464 33.531315 00000101 00010001
-91.667568 43.161228 10011100 11010010
-83.512821 33.931885 10110101 10011011
-124.848611 41.753991 00001011 01000101
-112.411636 47.244808 00111110 01011110
-110.648402 44.835386 01001101 01110001
-77.062874 26.21149 11010000 10100010
-114.893645 33.933075 00100101 00011001
-93.083749 28.752347 10000010 10000100
-101.230203 35.612684 01100110 00111100
-77.396832 39.324374 11011001 11100011
-117.980244 26.183935 00010000 00000010
-104.870427 27.778331 01010001 00100011
-97.203532 45.206475 01111101 01111011
-112.296616 34.851001 00110110 00011110
-121.458498 26.755716 00000000 00000000
-94.0065 44.150926 10001100 11010000
-70.674972 37.449002 11111000 11101010
-82.551386 36.946605 10110111 10011111
-121.409823 27.219862 00000001 00000001
-118.516342 43.227795 00011100 01010010
-68.546653 32.820094 11110100 10111010
-105.137378 31.247898 01010011 00100111
-78.363337 28.833423 11010010 10100110
-103.806758 42.71819 01011011 01100111
-110.80906 28.674069 00110010 00001110
-108.294791 37.277555 01001000 01100000
-96.948978 38.817215 01111001 01101011
-121.542028 29.781942 00000010 00000100
-98.458499 39.664854 01111001 01101011
-116.255379 43.877214 00101100 01011000
-83.255064 43.211963 10111100 11011010
-118.619656 30.809988 00010011 00000111
-91.550706 38.386766 10011000 11000010
-90.496629 43.85478 10011100 11010010
-120.308272 38.191345 00011000 01000010
-120.702318 43.28111 00011100 01010010
-70.462802 45.197563 11111101 11111011
-78.905431 38.316462 11001000 11100000
-117.576389 36.451444 00100111 00011101
-82.864991 46.62243 10111110 11011110
-100.561828 29.20194 01100010 00101100
-123.291467 27.256196 00000001 00000001
-122.488691 41.947594 00001011 01000101
-116.327318 30.503049 00100011 00001101
-116.711169 28.407787 00100001 00001001
-96.385251 40.683927 10001010 11000100
-107.11134 29.162763 01010010 00100110
-106.304296 40.028766 01011001 01100011
-121.239641 35.865439 00010111 00010111
-117.837036 33.094369 00010101 00010011
-79.289373 41.178791 11001010 11100100
-109.564316 40.641011 01001010 01100100
-108.088811 37.9531 01001000 01100000
-114.250718 43.035506 00111100 01011010
-90.943816 36.842901 10010111 10010111
-99.132998 30.781236 01110011 00101111
-90.121152 29.82522 10010010 10000110
-81.776258 42.941837 11001100 11110000
-107.484725 46.763284 01001110 01110100
-78.497961 26.427454 11010000 10100010
-84.304223 30.647623 10110011 10001111
-97.27379 47.574594 01111111 01111111
-120.103787 26.201171 00010000 00000010
-93.052945 41.964162 10001011 11000101
-121.234005 43.918675 00011100 01010010
-104.758021 39.79639 01011001 01100011
-81.870622 45.394676 11001101 11110001
-108.642357 43.99495 01001100 01110000
-102.649592 38.30613 01101000 01101000
-72.417045 38.002962 11101000 11101000
-115.612574 34.940515 00100110 00011100
-68.373429 46.39195 11111110 11111110
-104.78971 40.423564 01011010 01100110
-83.401148 46.314826 10111110 11011110
-71.193087 40.149414 11111010 11101110
-113.364936 35.383811 00110110 00011110
-120.722538 34.208586 00010101 00010011
-120.733228 39.61558 00011001 01000011
-71.285292 34.431317 11110110 10111110
-73.99638 31.563678 11100100 10111000
-80.817912 45.147315 11001101 11110001
-110.516729 47.611016 01001111 01110101
-103.483014 33.55037 01100101 00111001
-93.819247 37.244165 10001000 11000000
-118.058684 47.702009 00011111 01010111
-103.954564 44.981947 01011101 01110011
-123.51718 39.288761 00001001 01000001
-111.219806 41.850218 00111011 01001111
-114.048114 42.28747 00111011 01001111
-118.704438 37.747589 00011000 01000010
-77.720711 46.53484 11011110 11110110
-119.251997 34.098151 00010101 00010011
-81.487043 47.514544 11001111 11110101
-85.961265 47.214579 10111110 11011110
-109.328425 31.805829 01000100 00110000
-87.125534 39.361715 10101001 11001001
-80.1589 26.398803 11000000 10100000
-71.030061 44.290134 11111100 11111010
-115.215312 42.770481 00101011 01001101
-99.98047 35.54611 01110110 00111110
-87.45711 38.930159 10101001 11001001
-74.619079 38.064906 11101000 11101000
-87.551995 32.972182 10100101 10011001
-72.568829 27.926015 11100001 10101001
-98.957687 39.276049 01111001 01101011
-109.582119 36.977061 01000111 00110101
-101.767456 46.979199 01101110 01111100
-90.372021 43.712472 10011100 11010010
-77.850263 44.708863 11011101 11110011
-72.474674 40.566456 11101010 11101100
-114.367822 37.341022 00101000 01001000
-123.458559 40.432789 00001010 01000100
-71.953207 48.274665 11101111 11111101
-115.15455 45.77483 00101101 01011001
-100.670351 39.577824 01101001 01101001
-90.4456 42.385165 10011011 11000111
-100.212759 35.883148 01100111 00111101
-108.876105 44.950962 01001101 01110001
-97.181937 40.105712 01111010 01101110
-98.441224 31.985434 01110100 00111010
-106.96116 33.691687 01010101 00110011
-98.109946 38.324719 01111000 01101010
-76.324319 42.63486 11011011 11100111
-111.72642 30.191225 00110011 00001111
-71.234504 45.099427 11111101 11111011
-81.732204 43.896513 11001100 11110000
-83.909248 45.929057 10111110 11011110
-118.347531 48.636331 00011111 01010111
-89.109494 38.360617 10101000 11001000
-109.586792 31.360868 01000011 00100101
-70.831555 36.879059 11110111 10111111
-70.260856 34.010859 11110101 10111011
-89.105413 34.763608 10100110 10011100
-71.956763 47.318752 11101111 11111101
-85.395859 46.693886 10111110 11011110
-91.258251 36.509809 10010111 10010111
-95.985588 30.240067 10000011 10000101
-102.626608 43.532698 01101100 01111000
-94.028497 44.361418 10001100 11010000
-74.326992 44.574945 11101101 11111001
-98.879056 39.794199 01111001 01101011
-81.530283 31.571174 11000100 10110000
-99.332899 29.998648 01110010 00101110
-108.822989 40.106099 01001010 01100100
-114.387538 31.758611 00100100 00011000
-102.048384 31.135248 01100011 00101101
-105.239017 27.991718 01010001 00100011
-75.460736 28.670551 11010010 10100110
-77.972296 30.90286 11010011 10100111
-112.919666 36.341692 00110111 00011111
-84.28369 40.022825 10111001 11001011
-109.389196 28.251397 01000001 00100001
-105.535851 33.619385 01010101 00110011
-122.167593 45.876749 00001110 01010100
-111.289335 45.919688 00111110 01011110
-101.218836 40.297149 01101010 01101100
-83.619049 29.691176 10110010 10001110
-78.477019 31.03533 11010011 10100111
-71.086631 42.480442 11111011 11101111
-75.886676 39.060393 11011001 11100011
-93.081482 43.458427 10001100 11010000
-106.288996 32.60768 01010100 00110010
-108.181919 47.818045 01001111 01110101
-123.196917 45.384996 00001101 01010001
-112.533137 47.822787 00111111 01011111
-89.665861 28.09412 10010001 10000011
-75.357456 40.245752 11101010 11101100
-97.904737 31.686387 01110100 00111010
-103.892803 28.253382 01010001 00100011
-91.154048 45.953741 10011110 11010110
-89.065008 38.172114 10101000 11001000
-71.239148 45.202236 11111101 11111011
-105.076977 48.483513 01011111 01110111
-77.04756 30.587857 11010011 10100111
-83.251394 42.059377 10111011 11001111
-122.638434 32.856891 00000100 00010000
-117.047039 43.449638 00101100 01011000
-106.188602 39.61314 01011001 01100011
-100.589514 28.089463 01100001 00101001
-94.435005 32.664508 10000100 10010000
-72.490452 42.201691 11101011 11101101
-111.558532 27.362948 00110001 00001011
-85.502181 43.764326 10111100 11011010
-110.81108 46.367531 00111110 01011110
-105.703253 43.536665 01011100 01110010
-95.629881 41.716764 10001011 11000101
-89.200311 29.833428 10100010 10001100
-79.972191 33.597427 11000101 10110001
-85.189553 44.340565 10111100 11011010
-123.316531 48.042274 00001111 01010101
-120.605174 26.468668 00010000 00000010
-110.956203 26.397509 00110000 00001010
-72.587942 46.059319 11101110 11111100
-80.863166 42.292423 11001011 11100101
-113.740874 32.436324 00110100 00011010
-86.907532 31.329586 10100011 10001101
-72.389761 40.791116 11101010 11101100
-77.193317 43.233259 11011100 11110010
-104.065788 27.715824 01010001 00100011
-90.885077 37.486416 10011000 11000010
-78.872137 40.428441 11011010 11100110
-86.963628 27.214017 10100001 10001001
-71.631069 40.315425 11111010 11101110
-111.637716 38.151849 00111000 01001010
-104.943564 45.224108 01011101 01110011
-122.074263 27.196332 00000001 00000001
-112.065241 25.895378 00110000 00001010
-86.800388 40.631743 10101010 11001100
-82.272897 26.380861 11000000 10100000
-79.07318 47.460697 11001111 11110101
-109.284235 32.849813 01000100 00110000
-78.048275 31.622867 11010100 10110010
-121.168479 38.382799 00011000 01000010
-103.378285 30.108642 01100011 00101101
-75.782528 27.051547 11010000 10100010
-84.391338 37.072306 10110111 10011111
-121.84651 44.353934 00001100 01010000
-83.493695 34.487603 10110110 10011110
-99.939885 30.209667 01110011 00101111
-82.18776 30.741973 11000011 10100101
-78.848268 45.055864 11011101 11110011
-78.212784 33.011368 11010101 10110011
-92.413014 36.895294 10010111 10010111
-107.472557 43.673098 01001100 01110000
-71.019099 42.811625 11111011 11101111
-88.240535 43.024817 10101100 11011000
-123.661633 42.998358 00001100 01010000
-114.781598 41.454785 00101010 01001100
-87.470854 35.843506 10100111 10011101
-119.060851 41.300885 00011010 01000110
-111.026858 43.013354 00111100 01011010
-69.999102 45.722125 11111101 11111011
-90.609093 30.541904 10010011 10000111
-96.033458 46.351482 10001110 11010100
-77.982178 33.572018 11010101 10110011
-112.114893 43.144199 00111100 01011010
-117.215591 35.695574 00100110 00011100
-111.495585 44.89289 00111101 01011011
-114.409459 46.127097 00101110 01011100
-121.714392 32.750927 00000100 00010000
-69.507494 25.886306 11110000 10101010
-122.564566 45.759416 00001101 01010001
-99.250477 45.614676 01111101 01111011
-96.28698 32.706727 10000100 10010000
-112.225902 45.936926 00111110 01011110
-124.069241 32.405131 00000100 00010000
-92.715535 47.172193 10011110 11010110
-109.383543 44.967025 01001101 01110001
-118.650167 32.699082 00010100 00010010
-88.529524 44.212424 10101100 11011000
-121.258646 44.078943 00011100 01010010
-95.092096 33.703017 10000101 10010001
-76.380515 35.419629 11010110 10110110
-103.214271 48.680915 01101111 01111101
-109.396769 40.537371 01001010 01100100
-100.742643 25.804596 01100000 00101000
-94.654824 25.89761 10000000 10000000
-105.746442 37.190222 01010111 00110111
-109.706758 47.029625 01001110 01110100
-83.618587 29.755565 10110010 10001110
-81.818292 32.476513 11000100 10110000
-122.189891 38.039808 00001000 01000000
-123.126684 46.572478 00001110 01010100
-112.026845 39.877804 00111001 01001011
-77.260024 27.091475 11010000 10100010
-115.37006 41.623966 00101011 01001101
-119.765381 34.073311 00010101 00010011
-118.91061 39.787865 00011001 01000011
-79.72315 33.502535 11000101 10110001
-78.408203 48.332341 11011111 11110111
-120.877138 38.452599 00011000 01000010
-108.926773 43.117662 01001100 01110000
-88.232071 34.929562 10100110 10011100
-86.01029 28.77768 10100010 10001100
-102.22885 40.630531 01101010 01101100
-89.102475 30.114159 10100011 10001101
-114.509994 46.973109 00101110 01011100
-96.472854 44.313562 10001100 11010000
-84.373211 37.701511 10111000 11001010
-91.500031 28.540728 10010001 10000011
-98.596127 39.962585 01111001 01101011
-97.654864 46.146429 01111110 01111110
-105.386731 26.102 01010000 00100010
-69.051868 30.284016 11110011 10101111
-113.433461 46.152794 00111110 01011110
-106.773469 31.751502 01010100 00110010
-90.386357 38.209688 10011000 11000010
-116.013606 44.53591 00101101 01011001
-111.725023 37.970412 00111000 01001010
-75.936315 38.178578 11011000 11100010
-90.62173 28.554017 10010001 10000011
-109.594933 44.322461 01001100 01110000
-107.454886 45.935018 01001110 01110100
-111.663342 27.92001 00110001 00001011
-95.391969 44.535529 10001101 11010001
-92.543342 47.713766 10011111 11010111
-95.669571 30.358502 10000011 10000101
-115.708149 29.91072 00100010 00001100
-93.759694 44.66452 10001101 11010001
-84.557406 43.872162 10111100 11011010
-83.688675 42.61008 10111011 11001111
-90.153189 40.078926 10011010 11000110
-72.943298 33.635015 11100101 10111001
-88.587343 40.491583 10101010 11001100
-89.95225 28.941287 10010010 10000110
-111.393107 34.012585 00110101 00011011
-91.676898 44.186395 10011100 11010010
-92.308696 36.866901 10010111 10010111
-70.569008 43.487493 11111100 11111010
-119.268637 35.521074 00010110 00010110
-82.587255 45.410795 10111101 11011011
-100.238392 30.499356 01100011 00101101
-118.711152 42.231447 00011011 01000111
-114.157951 35.225124 00110110 00011110
-108.094521 28.570352 01000001 00100001
-83.335302 27.34203 10110001 10001011
-80.548877 28.538366 11000001 10100001
-87.495126 30.332882 10100011 10001101
-117.991771 38.945091 00011001 01000011
-106.070456 43.757609 01011100 01110010
-93.91908 26.096725 10000000 10000000
-105.078291 44.385262 01011101 01110011
-116.161271 26.16161 00100000 00001000
-87.901512 32.291915 10100100 10011000
-86.981549 36.527759 10100111 10011101
-116.146224 39.255029 00101001 01001001
-77.193741 29.912859 11010010 10100110
-72.769058 38.817611 11101001 11101001
-104.648197 40.067114 01011001 01100011
-123.258284 36.207403 00000111 00010101
-73.658281 36.981182 11100111 10111101
-83.165812 28.607004 10110010 10001110
-84.487307 45.521896 10111101 11011011
-73.600442 48.246067 11101111 11111101
-70.529265 42.671121 11111011 11101111
-76.774634 34.212617 11010101 10110011
-115.8302 29.370181 00100010 00001100
-88.954667 27.179058 10100001 10001001
-72.918119 37.728319 11101000 11101000
-109.737463 30.456672 01000011 00100101
-98.162267 35.491742 01110110 00111110
-118.924852 39.270066 00011001 01000011
-79.083952 36.47394 11000111 10110101
-69.471735 32.246813 11110100 10111010
-123.368314 36.761227 00000111 00010101
-119.172995 27.342969 00010001 00000011
-120.609748 48.529522 00011111 01010111
-101.532518 43.811243 01101100 01111000
-106.033959 29.237073 01010010 00100110
-122.142177 33.659679 00000101 00010001
-113.104841 39.917488 00111001 01001011
-101.079135 39.985221 01101001 01101001
-100.344393 46.00374 01101110 01111100
-81.498385 41.925401 11001011 11100101
-123.768412 38.994502 00001001 01000001
-123.811875 41.042409 00001010 01000100
-108.012529 28.451721 01000001 00100001
-95.755394 34.265651 10000101 10010001
-81.307403 44.339228 11001100 11110000
-106.282856 34.635109 01010110 00110110
-73.692694 42.844517 11101011 11101101
-117.508492 28.863761 00100010 00001100
-78.31193 31.151448 11010011 10100111
-115.368601 35.371632 00100110 00011100
-107.646534 43.142628 01001100 01110000
-79.073662 27.995727 11000001 10100001
-96.028358 39.585688 10001001 11000001
-95.066553 47.842912 10001111 11010101
-90.574435 35.152019 10010110 10010110
-117.447489 45.620148 00101101 01011001
-102.542535 27.511969 01100001 00101001
-84.441639 42.058803 10111011 11001111
-98.435227 27.854924 01110001 00101011
-110.086045 32.322465 01000100 00110000
-113.864496 30.007481 00110010 00001110
-106.475798 43.816434 01011100 01110010
-102.531437 32.307677 01100100 00111000
-75.604511 43.403946 11011100 11110010
-113.780013 41.440372 00111010 01001110
-109.01759 40.556877 01001010 01100100
-75.700813 26.284129 11010000 10100010
-113.096872 37.257488 00111000 01001010
-117.837847 35.07832 00010110 00010110
-117.884755 29.96021 00010010 00000110
-120.940121 35.624136 00010110 00010110
-72.158831 36.061664 11100111 10111101
-120.696543 30.358429 00010011 00000111
-100.619119 34.630193 01100110 00111100
-80.874416 27.622276 11000001 10100001
-82.174687 44.593997 11001101 11110001
-108.619429 38.835931 01001001 01100001
-88.184042 40.47762 10101010 11001100
-77.55699 28.394747 11010001 10100011
-84.672523 44.330171 10111100 11011010
-108.816734 43.416441 01001100 01110000
-68.911689 37.527556 11111000 11101010
-101.103493 31.470625 01100100 00111000
-77.335389 44.429718 11011101 11110011
-120.373328 41.851618 00011011 01000111
-72.763782 29.639158 11100010 10101100
-111.568926 28.833698 00110010 00001110
-101.255577 25.869215 01100000 00101000
-123.861212 28.114812 00000001 00000001
-82.143704 44.751613 11001101 11110001
-85.728957 42.888082 10111011 11001111
-102.218229 27.403621 01100001 00101001
-123.040504 30.616384 00000011 00000101
-107.621043 38.749746 01001001 01100001
-122.652276 45.201078 00001101 01010001
-87.698292 30.202506 10100011 10001101
-124.684394 32.466204 00000100 00010000
-123.06337 39.737948 00001001 01000001
-100.635448 46.477952 01101110 01111100
-87.659965 44.939358 10101101 11011001
-111.522223 29.535727 00110010 00001110
-111.758934 41.818261 00111011 01001111
-75.537545 30.828404 11010011 10100111
-82.500187 42.433187 10111011 11001111
-68.987866 28.960158 11110010 10101110
-82.40472 37.558493 11001000 11100000
-117.939536 37.129103 00010111 00010111
-78.225246 36.911053 11010111 10110111
-102.085583 38.935648 01101001 01101001
-99.493715 29.213741 01110010 00101110
-93.679376 34.385888 10000110 10010100
-113.587195 41.997618 00111011 01001111
-114.853291 39.493314 00101001 01001001
-117.885534 39.681892 00011001 01000011
-112.905226 29.974916 00110010 00001110
-82.015027 47.749815 11001111 11110101
-81.756541 35.757369 11000110 10110100
-74.556145 44.416853 11101101 11111001
-101.265959 34.381516 01100110 00111100
-69.149448 27.457926 11110001 10101011
-71.204989 28.720234 11110010 10101110
-120.941978 31.244661 00010011 00000111
-107.048476 46.788414 01011110 01110110
-105.30192 33.564261 01010101 00110011
-112.112491 35.594846 00110110 00011110
-95.699152 32.542545 10000100 10010000
-117.0229 32.250945 00100100 00011000
-93.672459 39.725692 10001001 11000001
-102.70025 26.76562 01100000 00101000
-75.609057 43.175795 11011100 11110010
-121.835417 35.833095 00000111 00010101
-87.008785 30.603429 10100011 10001101
-95.551444 36.705634 10000111 10010101
-83.793763 31.204865 10110011 10001111
-81.76463 42.338312 11001011 11100101
-85.127627 38.085667 10111000 11001010
-95.894835 29.15063 10000010 10000100
-80.071136 31.610931 11000100 10110000
-106.426795 32.493258 01010100 00110010
-113.082497 36.945376 00110111 00011111
-112.934558 39.900737 00111001 01001011
-114.819871 45.557508 00101101 01011001
-68.453923 36.284593 11110111 10111111
-81.268602 40.42962 11001010 11100100
-116.672552 31.505622 00100100 00011000
-89.028882 44.86877 10101101 11011001
-115.166589 46.802566 00101110 01011100
-88.090836 44.66368 10101101 11011001
-76.595581 45.341699 11011101 11110011
-117.847845 34.712603 00010110 00010110
-124.61463 42.907511 00001011 01000101
-82.700026 26.022283 10110000 10001010
-73.27106 34.056658 11100101 10111001
-100.064695 28.437363 01110001 00101011
-90.782629 42.621545 10011011 11000111
-121.375493 45.25592 00001101 01010001
-88.703562 47.869785 10101111 11011101
-90.30962 29.009049 10010010 10000110
-114.768596 36.130372 00100111 00011101
-110.186589 46.665615 01001110 01110100
-81.012987 40.381928 11001010 11100100
-78.069522 48.348369 11011111 11110111
-123.284319 34.395879 00000110 00010100
-97.604378 43.597879 01111100 01111010
-107.475458 35.263986 01000110 00110100
-117.547305 35.812082 00100111 00011101
-86.214359 30.266126 10100011 10001101
-90.946319 33.097986 10010101 10010011
-124.16411 34.735428 00000110 00010100
-86.218585 42.193813 10101011 11001101
-116.034462 34.550022 00100110 00011100
-113.547088 29.546779 00110010 00001110
-113.129251 45.508837 00111101 01011011
-92.064255 40.450028 10011010 11000110
-82.54977 26.699452 10110000 10001010
-116.701507 29.629146 00100010 00001100
-86.536846 42.831757 10101011 11001101
-115.654661 27.473442 00100001 00001001
-96.872347 26.757962 01110000 00101010
-109.419789 45.82576 01001110 01110100
-83.558934 46.275707 10111110 11011110
-89.130564 47.104543 10101110 11011100
-69.753094 36.021592 11110111 10111111
-73.944062 33.742149 11100101 10111001
-76.332091 42.167037 11011011 11100111
-110.66583 25.837227 01000000 00100000
-77.465699 31.221866 11010011 10100111
-121.928825 37.149056 00000111 00010101
-94.340941 25.774712 10000000 10000000
-77.294202 41.301045 11011010 11100110
-116.098415 37.883044 00101000 01001000
-123.068504 47.32388 00001111 01010101
-107.581033 44.992155 01001101 01110001
-106.007151 47.156457 01011110 01110110
-104.481491 35.211948 01010110 00110110
-81.646511 44.179325 11001100 11110000
-107.74785 46.695534 01001110 01110100
-118.545511 37.037969 00010111 00010111
-104.049891 45.191944 01011101 01110011
-92.949553 33.097689 10010101 10010011
-110.757383 39.61562 00111001 01001011
-95.872139 46.654931 10001110 11010100
-113.23795 27.279039 00110001 00001011
-100.758812 48.258879 01101111 01111101
-76.672235 43.668862 11011100 11110010
-104.578297 32.774611 01010100 00110010
-105.889261 31.554757 01010100 00110010
-88.299827 26.87283 10100000 10001000
-99.005127 32.754543 01110100 00111010
-88.851893 26.752921 10100000 10001000
-85.930798 34.732485 10110110 10011110
-88.920168 41.991657 10101011 11001101
-69.633435 46.282967 11111110 11111110
-98.997075 27.8308 01110001 00101011
-106.933999 37.897116 01011000 01100010
-121.690078 41.757288 00001011 01000101
-75.882193 27.921051 11010001 10100011
-109.88468 47.545405 01001111 01110101
-96.796663 46.747879 01111110 01111110
-124.344813 33.606171 00000101 00010001
-108.89027 45.303233 01001101 01110001
-77.219226 26.786654 11010000 10100010
-123.202357 44.880654 00001101 01010001
-77.088888 26.434073 11010000 10100010
-105.352331 33.252611 01010101 00110011
-122.444226 30.43259 00000011 00000101
-95.420787 32.802659 10000100 10010000
-106.576547 43.333924 01011100 01110010
-78.718433 34.819145 11010110 10110110
-105.622214 34.125638 01010101 00110011
-104.867389 30.422141 01010011 00100111
-109.054733 30.489913 01000011 00100101
-101.626171 37.142064 01100111 00111101
-113.059121 26.169692 00110000 00001010
-114.228113 42.172554 00111011 01001111
-89.766932 40.926626 10011010 11000110
-103.360311 33.72122 01100101 00111001
-119.576681 47.106872 00011110 01010110
-78.069065 40.123858 11011010 11100110
-95.995421 46.40482 10001110 11010100
-70.877051 33.590456 11110101 10111011
-113.315873 39.362391 00111001 01001011
-100.478929 31.403015 01100011 00101101
-77.598371 31.856723 11010100 10110010
-82.041993 33.477723 11000101 10110001
-87.22107 37.624526 10101000 11001000
-114.522248 35.254544 00100110 00011100
-91.088071 37.238425 10011000 11000010
-107.738088 47.123841 01001110 01110100
-90.144742 46.218765 10011110 11010110
-87.10754 37.184832 10100111 10011101
-84.394859 46.073002 10111110 11011110
-110.636531 31.660595 01000100 00110000
-86.510653 34.408723 10100110 10011100
-100.400083 46.698383 01101110 01111100
-77.98135 44.580804 11011101 11110011
-114.522577 43.945604 00101100 01011000
-73.828048 44.13419 11101100 11111000
-100.820886 31.442645 01100011 00101101
-120.837941 41.604241 00011011 01000111
-109.476148 40.763511 01001010 01100100
-91.917993 32.161928 10010100 10010010
-110.804252 43.464394 00111100 01011010
-97.592111 47.370557 01111111 01111111
-102.540578 35.212417 01100110 00111100
-86.638031 46.340709 10101110 11011100
-97.30474 41.609395 01111011 01101111
-88.14838 39.666552 10101001 11001001
-75.599148 36.509959 11010111 10110111
-101.993899 34.236763 01100101 00111001
-87.829142 32.688308 10100100 10011000
-100.195514 28.931756 01100010 00101100
-109.573942 40.883056 01001010 01100100
-100.047015 32.478153 01110100 00111010
-86.037875 45.176225 10101101 11011001
-116.432118 32.666587 00100100 00011000
-99.616537 45.299634 01111101 01111011
-92.872609 35.846971 10010111 10010111
-109.621034 40.912413 01001010 01100100
-108.031172 26.20098 01000000 00100000
-111.793034 47.747419 00111111 01011111
-121.105352 32.482374 00010100 00010010
-83.675919 26.239308 10110000 10001010
-114.177327 39.183176 00111001 01001011
-122.215287 47.856427 00001111 01010101
-117.63699 36.195119 00100111 00011101
-89.936266 45.645388 10011101 11010011
-70.923779 32.741407 11110100 10111010
-124.452338 32.073444 00000100 00010000
-98.241481 44.542469 01111101 01111011
-86.804678 36.209281 10100111 10011101
-111.678505 42.571115 00111011 01001111
-70.350811 48.036306 11111111 11111111
-121.525662 35.818765 00000111 00010101
-110.701313 46.800743 01001110 01110100
-85.038946 46.357521 10111110 11011110
-105.564705 31.169277 01010011 00100111
-114.97166 44.920061 00101101 01011001
-70.916681 37.679362 11111000 11101010
-80.476254 37.959684 11001000 11100000
-93.451112 41.285291 10001010 11000100
-104.191094 27.141008 01010000 00100010
-85.581817 36.910471 10110111 10011111
-102.578213 29.538937 01100010 00101100
-111.585932 47.163744 00111110 01011110
-80.684097 31.575584 11000100 10110000
-121.512565 28.284777 00000001 00000001
-104.103979 27.658055 01010001 00100011
-96.416374 36.454276 10000111 10010101
-114.09244 37.895596 00111000 01001010
-98.560433 48.227141 01111111 01111111
-113.827188 39.090744 00111001 01001011
-121.213708 31.466334 00010100 00010010
-94.469728 26.318496 10000000 10000000
-109.893914 28.298017 01000001 00100001
-119.918531 40.430178 00011010 01000110
-72.597887 37.741678 11101000 11101000
-111.944979 40.16096 00111010 01001110
-87.231133 47.09644 10101110 11011100
-70.85778 29.014994 11110010 10101110
-117.829565 43.315172 00011100 01010010
-96.877243 34.853275 01110110 00111110
-123.225294 26.80409 00000000 00000000
-79.006634 26.136681 11000000 10100000
-122.246844 37.102196 00000111 00010101
-122.189754 25.866448 00000000 00000000
-73.312913 25.994147 11100000 10101000
-109.807633 30.930795 01000011 00100101
-101.382357 38.382576 01101000 01101000
-70.462745 38.748117 11111001 11101011
-70.953514 32.984144 11110101 10111011
-111.83618 34.282549 00110101 00011011
-103.150522 27.261122 01100001 00101001
-115.118117 27.048971 00100000 00001000
-91.180135 29.153416 10010010 10000110
-86.343202 43.816834 10101100 11011000
-82.553528 35.513658 10110110 10011110
-111.49637 30.183614 00110011 00001111
-101.652693 40.217001 01101010 01101100
-103.375416 34.096559 01100101 00111001
-91.196831 28.245581 10010001 10000011
-123.512956 48.647154 00001111 01010101
-83.032616 37.217075 10111000 11001010
-84.905764 27.258374 10110001 10001011
-97.894742 37.169863 01110111 00111111
-77.229888 37.169065 11010111 10110111
-110.8862 38.041604 00111000 01001010
-104.809354 25.874311 01010000 00100010
-97.717192 34.203655 01110101 00111011
-121.339443 48.158155 00001111 01010101
-71.777657 32.595484 11110100 10111010
-95.66454 30.59109 10000011 10000101
-100.682428 26.69364 01100000 00101000
-83.745397 46.715229 10111110 11011110
-115.650996 28.99991 00100010 00001100
-108.295392 42.403933 01001011 01100101
-79.851758 45.703545 11001101 11110001
-83.448947 33.31271 10110101 10011011
-116.163602 44.625414 00101101 01011001
-95.285356 36.661401 10000111 10010101
-77.473064 26.691572 11010000 10100010
-115.52036 37.815047 00101000 01001000
-87.288734 36.093231 10100111 10011101
-74.199092 35.539333 11100110 10111100
-77.45697 36.856819 11010111 10110111
-121.720981 33.075852 00000101 00010001
-104.542641 48.280454 01011111 01110111
-112.109092 46.46724 00111110 01011110
-103.606814 47.780588 01101111 01111101
-106.627213 43.20653 01011100 01110010
-84.549306 46.386166 10111110 11011110
-123.922143 39.231674 00001001 01000001
-69.53068 33.94327 11110101 10111011
-69.529452 47.585017 11111111 11111111
-108.676156 32.370765 01000100 00110000
-68.579531 40.825847 11111010 11101110
-93.356222 38.333808 10001000 11000000
-84.774082 26.810067 10110000 10001010
-99.373461 25.801134 01110000 00101010
-118.099518 41.300049 00011010 01000110
-91.159523 28.542199 10010001 10000011
-79.622027 42.438395 11001011 11100101
-80.487818 30.584978 11000011 10100101
-85.190982 35.227126 10110110 10011110
-118.242446 43.48839 00011100 01010010
-68.44092 35.627475 11110110 10111110
-89.188147 31.035364 10100011 10001101
-89.744247 35.649736 10010110 10010110
-119.065593 28.18688 00010001 00000011
-107.431269 35.518301 01000110 00110100
-94.267377 29.323575 10000010 10000100
-104.915493 36.299932 01010111 00110111
-115.335946 29.384936 00100010 00001100
-72.401065 33.977319 11100101 10111001
-89.370795 36.800993 10100111 10011101
-101.230863 43.265958 01101100 01111000
-68.661412 47.944727 11111111 11111111
-99.600856 31.657027 01110100 00111010
-115.326033 39.548113 00101001 01001001
-116.667181 35.652117 00100110 00011100
-113.758635 28.830863 00110010 00001110
-109.978282 28.163837 01000001 00100001
-115.592706 44.133235 00101100 01011000
-117.414889 33.878411 00100101 00011001
-118.174952 35.83451 00010111 00010111
-89.816807 48.581505 10011111 11010111
-73.115519 28.373311 11100001 10101001
-91.457988 44.763265 10011101 11010011
-112.497608 29.901162 00110010 00001110
-122.838432 38.764025 00001001 01000001
-117.589816 30.540373 00100011 00001101
-76.844594 30.496067 11010011 10100111
-89.688543 29.354717 10010010 10000110
-69.069221 46.871158 11111110 11111110
-97.092845 32.082523 01110100 00111010
-89.120123 42.52709 10101011 11001101
-86.861594 45.446584 10101101 11011001
-94.557909 34.758607 10000110 10010100
-118.561823 43.576651 00011100 01010010
-102.476434 41.572859 01101011 01101101
-111.910017 42.162832 00111011 01001111
-105.906921 41.821437 01011011 01100111
-80.277656 42.925138 11001011 11100101
-73.740331 34.373956 11100110 10111100
-77.37247 26.215817 11010000 10100010
-80.672248 41.358444 11001010 11100100
-94.263248 33.067975 10000101 10010001
-99.970589 45.57685 01111101 01111011
-77.64622 35.606547 11010110 10110110
-102.720918 37.666628 01101000 01101000
-98.448099 25.832592 01110000 00101010
-93.77696 37.143581 10000111 10010101
-74.339506 44.076278 11101100 11111000
-100.153772 41.880534 01101011 01101101
-93.879448 33.676913 10000101 10010001
-71.648034 28.770433 11110010 10101110
-92.497852 36.93058 10010111 10010111
-88.109915 27.598278 10100001 10001001
-85.838652 36.429256 10110111 10011111
-110.31049 39.328373 01001001 01100001
-76.399514 29.02237 11010010 10100110
-102.111311 34.835141 01100110 00111100
-71.852995 28.873035 11100010 10101100
-82.892317 36.810295 10110111 10011111
-78.631698 35.280823 11010110 10110110
-120.070482 33.109005 00010101 00010011
-97.190096 26.954043 01110000 00101010
-101.099079 37.992088 01101000 01101000
-121.168714 26.268953 00010000 00000010
-94.15777 38.859025 10001001 11000001
-74.250402 27.597398 11100001 10101001
-105.401297 45.723142 01011101 01110011
-79.263269 27.434899 11000001 10100001
-105.777973 47.080311 01011110 01110110
-94.703465 35.048304 10000110 10010100
-91.781858 29.703485 10010010 10000110
-72.002363 38.896542 11101001 11101001
-108.550215 27.638557 01000001 00100001
-107.33762 40.734132 01001010 01100100
-117.340833 37.825177 00101000 01001000
-78.591874 39.632412 11011001 11100011
-112.568398 26.424957 00110000 00001010
-108.658532 31.920438 01000100 00110000
-91.015598 45.304282 10011101 11010011
-119.282859 43.328277 00011100 01010010
-120.84764 35.38773 00010110 00010110
-77.259838 40.747933 11011010 11100110
-90.518546 30.714419 10010011 10000111
-118.737635 26.533152 00010000 00000010
-89.217301 39.895597 10101001 11001001
-78.140751 44.445087 11011101 11110011
-118.57585 48.424149 00011111 01010111
-110.568458 35.596755 01000110 00110100
-78.280698 36.007166 11010111 10110111
-118.972592 39.530446 00011001 01000011
-103.132665 42.915335 01101011 01101101
-122.70961 36.460445 00000111 00010101
-109.814214 39.232508 01001001 01100001
-79.140242 45.929664 11001110 11110100
-105.112463 28.755154 01010010 00100110
-111.292129 41.013819 00111010 01001110
-124.279143 31.740623 00000100 00010000
-90.254552 34.738147 10010110 10010110
-123.315931 31.439518 00000011 00000101
-120.056414 27.115553 00010000 00000010
-87.62814 36.899841 10100111 10011101
-104.969803 34.854529 01010110 00110110
-107.285084 29.600683 01000010 00100100
-112.246976 48.569845 00111111 01011111
-72.675145 34.852847 11100110 10111100
-105.415381 40.06243 01011001 01100011
-69.921632 26.035004 11110000 10101010
-86.132738 31.025709 10100011 10001101
-99.56205 32.243987 01110100 00111010
-77.966158 37.51268 11011000 11100010
-79.280174 38.722776 11001001 11100001
-68.674019 43.868726 11111100 11111010
-114.087244 45.069081 00111101 01011011
-120.445545 30.112179 00010011 00000111
-120.262555 47.457895 00011111 01010111
-119.93257 43.42634 00011100 01010010
-70.496054 44.364248 11111100 11111010
-78.103677 28.895971 11010010 10100110
-68.925935 44.786772 11111101 11111011
-83.247809 44.498172 10111101 11011011
-81.740393 39.376239 11001001 11100001
-76.329413 26.834943 11010000 10100010
-88.388446 46.02427 10101110 11011100
-86.524354 44.705396 10101101 11011001
-99.614257 41.459397 01111010 01101110
-80.814752 47.566873 11001111 11110101
-107.706116 39.117199 01001001 01100001
-78.31543 47.47764 11011111 11110111
-79.909143 42.469931 11001011 11100101
-112.136108 31.817741 00110100 00011010
-79.264471 33.530735 11000101 10110001
-99.924802 46.952694 01111110 01111110
-93.11675 44.542652 10001101 11010001
-123.525878 27.961977 00000001 00000001
-68.601897 46.841492 11111110 11111110
-99.755598 33.876629 01110101 00111011
-113.532677 30.283449 00110011 00001111
-118.957771 42.879002 00011011 01000111
-82.161349 36.076141 11000111 10110101
-95.165589 36.929082 10000111 10010101
-70.309903 45.97863 11111110 11111110
-108.30546 27.854738 01000001 00100001
-91.134098 47.533142 10011111 11010111
-116.72382 43.614112 00101100 01011000
-78.919952 44.988333 11001101 11110001
-98.967495 31.573443 01110100 00111010
-114.332459 29.38744 00100010 00001100
-120.084104 38.074506 00011000 01000010
-118.769725 32.220183 00010100 00010010
-75.234233 41.347496 11101010 11101100
-121.272217 41.711676 00011011 01000111
-91.758267 40.57258 10011010 11000110
-102.942879 32.70952 01100100 00111000
-119.576995 39.6237 00011001 01000011
-78.156204 46.966094 11011110 11110110
-76.682116 37.530547 11011000 11100010
-92.09894 38.333328 10011000 11000010
-68.996143 40.664099 11111010 11101110
-99.462349 42.913349 01111011 01101111
-119.392148 28.967502 00010010 00000110
-71.990233 46.508558 11101110 11111100
-110.09256 29.707425 01000010 00100100
-122.136678 36.903365 00000111 00010101
-118.092702 35.252663 00010110 00010110
-91.827907 29.816585 10010010 10000110
-122.007314 45.838608 00001110 01010100
-108.523989 33.467637 01000101 00110001
-77.675972 37.737212 11011000 11100010
-120.941703 38.743259 00011001 01000011
-73.710822 27.631367 11100001 10101001
-74.653733 36.698603 11100111 10111101
-119.706002 41.585413 00011011 01000111
-100.717354 33.174532 01100101 00111001
-70.868092 27.138264 11110000 10101010
-118.608743 42.71112 00011011 01000111
-90.623091 31.905528 10010100 10010010
-102.75251 34.667283 01100110 00111100
-84.971864 42.011157 10111011 11001111
-70.926774 46.677302 11111110 11111110
-81.380098 39.182785 11001001 11100001
-120.306318 46.587999 00011110 01010110
-97.347848 48.041627 01111111 01111111
-84.239754 29.726906 10110010 10001110
-85.706968 45.319856 10111101 11011011
-120.201257 37.717269 00011000 01000010
-107.822805 34.324432 01000101 00110001
-121.401094 45.003828 00001101 01010001
-77.383309 45.752327 11011101 11110011
-113.843073 25.801493 00110000 00001010
-97.622403 28.650803 01110010 00101110
-115.523045 39.446592 00101001 01001001
-112.315608 30.933215 00110011 00001111
-112.092078 33.391725 00110101 00011011
-108.085532 34.181469 01000101 00110001
-91.13517 41.727912 10011011 11000111
-111.126592 29.341336 00110010 00001110
-116.963856 39.354149 00101001 01001001
-101.04499 31.230249 01100011 00101101
-91.879547 27.068265 10010000 10000010
-73.183678 33.13831 11100101 10111001
-94.37412 27.923976 10000001 10000001
-70.990901 40.984742 11111010 11101110
-74.049392 29.105154 11100010 10101100
-104.397487 30.866121 01010011 00100111
-71.951648 26.870894 11100000 10101000
-96.865122 45.762577 01111101 01111011
-110.052918 37.849878 01001000 01100000
-110.216888 29.012114 01000010 00100100
-95.546812 40.723346 10001010 11000100
-86.279806 48.014682 10101111 11011101
-112.96907 35.736053 00110110 00011110
-123.459816 27.380273 00000001 00000001
-115.831895 47.031718 00101110 01011100
-103.506251 27.903831 01100001 00101001
-87.664576 33.86302 10100101 10011001
-98.633461 31.493675 01110100 00111010
-113.341485 44.213775 00111100 01011010
-83.234028 48.335369 10111111 11011111
-70.004508 38.395329 11111000 11101010
-81.251958 40.092975 11001010 11100100
-114.053923 46.94724 00111110 01011110
-112.289075 28.632585 00110010 00001110
-112.166746 43.281043 00111100 01011010
-85.124423 42.546705 10111011 11001111
-122.526359 34.207945 00000101 00010001
-85.622002 48.452033 10111111 11011111
-98.06851 42.464518 01111011 01101111
-121.724074 32.118666 00000100 00010000
-103.894751 28.073097 01010001 00100011
-89.325416 30.922158 10100011 10001101
-111.159454 27.155027 00110001 00001011
-95.658139 47.341201 10001111 11010101
-92.93345 29.194541 10010010 10000110
-87.832798 29.511794 10100010 10001100