2000 2 C-Index Z-Index
-124.853975 -68.327367 X
25.735807 48.678085 Y
-92.977886 30.046136 10010011 10000111
-102.511921 36.847299 01100111 00111101
-93.122615 36.606615 10000111 10010101
-121.321574 47.62897 00001111 01010101
-71.252878 38.880342 11111001 11101011
-79.984533 32.229868 11000100 10110000
-109.817845 31.360976 01000011 00100101
-91.830481 41.309338 10011010 11000110
-74.667637 48.393601 11101111 11111101
-103.430915 28.963086 01100010 00101100
-112.081192 34.077152 00110101 00011011
-83.398805 25.889441 10110000 10001010
-113.735314 35.404449 00110110 00011110
-101.770211 28.8904 01100010 00101100
-122.223371 36.05627 00000111 00010101
-95.871096 47.786914 10001111 11010101
-117.023763 33.021049 00100101 00011001
-110.123574 25.885173 01000000 00100000
-110.901695 46.837004 00111110 01011110
-78.214963 39.921948 11011001 11100011
-72.652906 43.77939 11101100 11111000
-90.515886 34.396314 10010110 10010110
-76.681616 47.462808 11011111 11110111
-71.904721 25.962542 11100000 10101000
-93.353985 42.171108 10001011 11000101
-83.600742 42.513303 10111011 11001111
-97.425785 34.871997 01110110 00111110
-98.204933 44.346251 01111100 01111010
-103.205786 30.193086 01100011 00101101
-97.175059 43.796453 01111100 01111010
-71.717174 45.770987 11111101 11111011
-101.999555 42.346123 01101011 01101101
-118.464534 38.148711 00011000 01000010
-73.28516 29.18332 11100010 10101100
-113.640657 46.219875 00111110 01011110
-117.511885 30.849262 00100011 00001101
-70.558183 35.813526 11110111 10111111
-106.316708 41.936642 01011011 01100111
-86.226937 48.389846 10101111 11011101
-106.203488 27.658061 01010001 00100011
-97.564743 28.129067 01110001 00101011
-92.600505 35.216857 10010110 10010110
-122.897271 45.73563 00001101 01010001
-124.672971 48.083661 00001111 01010101
-117.712739 29.240239 00100010 00001100
-83.07037 46.250901 10111110 11011110
-118.019485 29.743737 00010010 00000110
-82.595724 30.681613 10110011 10001111
-124.03931 45.517597 00001101 01010001
-86.944524 35.145323 10100110 10011100
-122.470058 30.566647 00000011 00000101
-120.728794 42.725637 00011011 01000111
-98.531669 44.252356 01111100 01111010
-105.26993 40.54385 01011010 01100110
-76.223725 27.685496 11010001 10100011
-105.712326 28.437541 01010001 00100011
-75.659028 35.838999 11010111 10110111
-117.635008 47.958422 00101111 01011101
-100.963991 26.849735 01100000 00101000
-89.610383 38.62387 10011000 11000010
-123.716359 26.520203 00000000 00000000
-74.723458 42.48279 11101011 11101101
-115.374568 33.909484 00100101 00011001
-83.124614 42.192206 10111011 11001111
-83.978961 38.466115 10111000 11001010
-78.884757 36.931622 11010111 10110111
-68.511748 27.300195 11110001 10101011
-103.304079 28.175936 01100001 00101001
-95.301452 36.14092 10000111 10010101
-72.152499 47.9037 11101111 11111101
-103.87656 29.52606 01010010 00100110
-104.781281 28.189751 01010001 00100011
-84.99794 27.557289 10110001 10001011
-118.471665 48.102041 00011111 01010111
-90.560105 26.988884 10010000 10000010
-87.558494 35.437319 10100110 10011100
-109.582977 34.413496 01000110 00110100
-85.644676 37.222718 10111000 11001010
-74.928166 27.344734 11100001 10101001
-111.420647 28.455642 00110001 00001011
-97.528958 44.705964 01111101 01111011
-88.681471 40.491008 10101010 11001100
-72.098705 44.696648 11101101 11111001
-118.11863 35.204629 00010110 00010110
-85.12616 28.052975 10110001 10001011
-92.264824 28.250428 10010001 10000011
-97.913139 34.097515 01110101 00111011
-84.555992 39.07683 10111001 11001011
-88.240272 44.098129 10101100 11011000
-75.470345 38.423531 11011000 11100010
-100.411398 45.948976 01101110 01111100
-122.365395 38.268188 00001000 01000000
-71.281653 40.452296 11111010 11101110
-99.949572 27.62435 01110001 00101011
-88.270435 35.342806 10100110 10011100
-78.627537 46.849643 11011110 11110110
-79.338205 48.225224 11001111 11110101
-77.730375 47.557573 11011111 11110111
-102.724648 34.137984 01100101 00111001
-111.04011 38.560977 00111000 01001010
-74.945417 28.524562 11100001 10101001
-82.253225 37.437733 11001000 11100000
-116.303193 42.620596 00101011 01001101
-80.950296 47.747626 11001111 11110101
-121.934937 46.433485 00001110 01010100
-120.5216 31.897171 00010100 00010010
-107.922855 30.583015 01000011 00100101
-69.626723 29.030633 11110010 10101110
-96.907521 30.196574 01110011 00101111
-120.554554 26.706975 00010000 00000010
-119.873137 41.435442 00011010 01000110
-123.727543 27.199636 00000001 00000001
-83.587563 39.105794 10111001 11001011
-91.027404 48.069265 10011111 11010111
-123.399584 37.65619 00001000 01000000
-96.38296 46.125358 10001110 11010100
-92.80613 29.390199 10010010 10000110
-92.005202 35.741158 10010110 10010110
-119.129297 28.947994 00010010 00000110
-96.070723 25.735807 10000000 10000000
-89.925421 38.77473 10011001 11000011
-100.007295 41.646695 01111011 01101111
-95.53224 38.900374 10001001 11000001
-114.688828 47.731926 00101111 01011101
-68.942315 41.784772 11111011 11101111
-95.110359 35.921387 10000111 10010101
-92.911878 37.378489 10011000 11000010
-104.786375 28.798607 01010010 00100110
-68.984366 28.9744 11110010 10101110
-119.815471 33.493423 00010101 00010011
-68.525376 26.897417 11110000 10101010
-114.595771 32.386704 00100100 00011000
-112.870161 34.536301 00110110 00011110
-73.941362 46.029595 11101110 11111100
-77.291826 44.868327 11011101 11110011
-124.386185 45.46969 00001101 01010001
-115.446055 48.176691 00101111 01011101
-69.651293 28.633647 11110010 10101110
-76.230332 32.416441 11010100 10110010
-109.747944 32.317076 01000100 00110000
-87.928192 33.936691 10100101 10011001
-87.56537 47.236803 10101110 11011100
-70.377712 25.850101 11110000 10101010
-96.37402 34.512075 10000110 10010100
-95.101514 43.572571 10001100 11010000
-89.588653 42.544702 10011011 11000111
-79.782122 42.231563 11001011 11100101
-113.672959 32.087233 00110100 00011010
-121.697823 45.674133 00001101 01010001
-110.182608 48.580494 01001111 01110101
-105.75479 31.186825 01010011 00100111
-95.547103 30.992963 10000011 10000101
-121.838879 41.061808 00001010 01000100
-108.194978 48.276209 01001111 01110101
-79.948408 43.302689 11001100 11110000
-85.697077 31.160386 10110011 10001111
-117.687301 38.309398 00101000 01001000
-101.071614 40.292643 01101010 01101100
-106.987244 33.288368 01010101 00110011
-110.300011 28.518254 01000001 00100001
-72.780117 35.018637 11100110 10111100
-114.950789 44.043813 00101100 01011000
-122.74434 46.252617 00001110 01010100
-122.182795 37.987509 00001000 01000000
-71.112759 39.588459 11111001 11101011
-107.114005 37.498034 01011000 01100010
-83.644159 35.191268 10110110 10011110
-101.746063 27.771005 01100001 00101001
-85.159871 40.828265 10111010 11001110
-100.783622 33.214601 01100101 00111001
-72.51359 38.699438 11101001 11101001
-79.260329 41.65386 11001011 11100101
-68.960779 33.422271 11110101 10111011
-89.921852 32.042124 10010100 10010010
-83.184555 29.499937 10110010 10001110
-86.740494 47.57799 10101111 11011101
-115.673054 46.837942 00101110 01011100
-87.448627 35.934811 10100111 10011101
-87.903074 31.482893 10100100 10011000
-119.624631 35.828038 00010111 00010111
-85.540205 40.230345 10111010 11001110
-117.620219 43.482699 00101100 01011000
-91.269948 42.011555 10011011 11000111
-88.937693 38.295788 10101000 11001000
-81.393546 44.553605 11001101 11110001
-86.350695 27.685431 10100001 10001001
-118.46532 44.975194 00011101 01010011
-96.096958 37.676371 10001000 11000000
-123.371456 34.022747 00000101 00010001
-75.619551 29.577634 11010010 10100110
-115.522049 41.174222 00101010 01001100
-70.858967 33.553688 11110101 10111011
-106.259406 46.006608 01011110 01110110
-96.247144 27.384741 10000001 10000001
-121.399457 26.234193 00000000 00000000
-85.204925 27.177353 10110001 10001011
-103.136421 44.461033 01101101 01111001
-74.118866 42.554577 11101011 11101101
-107.605681 28.598354 01000001 00100001
-115.593947 32.214802 00100100 00011000
-99.97649 25.928466 01110000 00101010
-121.922784 35.071849 00000110 00010100
-80.248282 38.060982 11001000 11100000
-68.378192 36.633574 11110111 10111111
-80.83657 39.845824 11001001 11100001
-112.387283 35.447913 00110110 00011110
-100.151459 34.343979 01100110 00111100
-93.831037 26.990358 10000000 10000000
-89.394923 30.734278 10100011 10001101
-68.581872 30.3049 11110011 10101111
-81.793562 33.082059 11000101 10110001
-83.535133 28.681235 10110010 10001110
-110.984163 42.639969 00111011 01001111
-92.666658 37.864996 10011000 11000010
-71.901398 45.069272 11101101 11111001
-75.318623 27.615538 11100001 10101001
-104.71947 35.905827 01010111 00110111
-88.335934 41.413399 10101010 11001100
-70.655426 47.789722 11111111 11111111
-118.130117 33.787769 00010101 00010011
-79.279735 39.018884 11001001 11100001
-73.814134 48.0401 11101111 11111101
-115.687675 36.693021 00100111 00011101
-69.566517 47.091788 11111110 11111110
-106.728469 34.968118 01010110 00110110
-73.257063 25.83754 11100000 10101000
-75.526345 26.292358 11010000 10100010
-75.958171 36.227663 11010111 10110111
-97.0732 30.688522 01110011 00101111
-74.665896 27.461876 11100001 10101001
-111.334477 36.287903 00110111 00011111
-100.194836 48.213965 01101111 01111101
-87.433593 45.018804 10101101 11011001
-88.249342 42.594776 10101011 11001101
-102.054775 28.310594 01100001 00101001
-79.265219 45.070832 11001101 11110001
-111.397819 31.655659 00110100 00011010
-81.324416 45.541281 11001101 11110001
-72.380278 28.810286 11100010 10101100
-75.020871 37.10959 11100111 10111101
-122.870402 41.10347 00001010 01000100
-70.315973 32.147259 11110100 10111010
-118.41688 42.656351 00011011 01000111
-108.389418 34.425204 01000110 00110100
-86.957903 48.085553 10101111 11011101
-106.038884 30.289573 01010011 00100111
-114.016017 35.371965 00110110 00011110
-88.399056 36.844702 10100111 10011101
-85.961151 44.209351 10111100 11011010
-106.38515 40.757346 01011010 01100110
-92.674909 34.391537 10010110 10010110
-117.762861 40.157861 00101010 01001100
-121.344175 39.183203 00001001 01000001
-74.600054 33.877206 11100101 10111001
-107.460349 29.349507 01000010 00100100
-80.216223 47.425873 11001111 11110101
-71.612255 42.094242 11111011 11101111
-97.361859 32.323996 01110100 00111010
-83.469821 32.658076 10110100 10011010
-111.588724 39.909445 00111001 01001011
-123.594965 46.543279 00001110 01010100
-97.403896 44.083981 01111100 01111010
-90.621575 28.522006 10010001 10000011
-82.344434 35.358302 11000110 10110100
-81.712976 48.120916 11001111 11110101
-92.269263 44.38958 10011101 11010011
-88.452215 25.972105 10100000 10001000
-101.149446 29.965438 01100010 00101100
-87.041109 41.974928 10101011 11001101
-80.423054 32.288965 11000100 10110000
-113.597411 41.018322 00111010 01001110
-118.450493 47.604144 00011111 01010111
-107.095901 34.740711 01010110 00110110
-71.847449 26.561472 11110000 10101010
-76.49002 34.757915 11010110 10110110
-77.946963 29.167475 11010010 10100110
-105.463092 37.293458 01011000 01100010
-108.521514 38.531347 01001000 01100000
-107.772566 30.983798 01000011 00100101
-110.683378 45.170979 01001101 01110001
-88.005573 35.311208 10100110 10011100
-97.581156 37.640235 01111000 01101010
-106.152702 47.516768 01011111 01110111
-122.72628 44.410603 00001101 01010001
-116.420947 40.541269 00101010 01001100
-76.261884 31.003762 11010011 10100111
-70.130448 29.677591 11110010 10101110
-76.012433 45.046144 11011101 11110011
-69.4536 47.523223 11111111 11111111
-86.613885 36.330321 10100111 10011101
-79.229381 41.096169 11001010 11100100
-77.098712 38.015026 11011000 11100010
-77.251821 46.0831 11011110 11110110
-83.538864 41.11775 10111010 11001110
-104.461601 41.068238 01011010 01100110
-88.456504 39.367583 10101001 11001001
-117.904763 43.60739 00011100 01010010
-100.220584 45.193544 01101101 01111001
-78.858033 35.618578 11010110 10110110
-114.689774 34.88673 00100110 00011100
-76.506101 45.026416 11011101 11110011
-99.487692 47.339034 01111111 01111111
-73.396808 39.919395 11101001 11101001
-91.881114 39.353854 10011001 11000011
-117.576724 30.700985 00100011 00001101
-95.003044 26.089738 10000000 10000000
-76.939647 48.488195 11011111 11110111
-82.061678 30.737815 11000011 10100101
-95.838423 48.160487 10001111 11010101
-100.707873 28.534577 01100001 00101001
-72.61136 44.509541 11101101 11111001
-86.681281 45.960131 10101110 11011100
-116.474007 41.585992 00101011 01001101
-109.378398 28.542522 01000001 00100001
-101.911458 47.344815 01101111 01111101
-106.610364 34.532462 01010110 00110110
-85.399393 27.46727 10110001 10001011
-121.130782 39.046813 00011001 01000011
-94.458427 45.13523 10001101 11010001
-124.141097 30.61896 00000011 00000101
-123.565158 33.63523 00000101 00010001
-89.219322 29.67228 10100010 10001100
-76.043975 30.54725 11010011 10100111
-86.992494 32.76863 10100100 10011000
-96.04371 32.561504 10000100 10010000
-89.500211 48.599288 10101111 11011101
-120.677397 34.70557 00010110 00010110
-94.099306 38.138024 10001000 11000000
-112.121899 47.078338 00111110 01011110
-70.521831 38.619676 11111000 11101010
-102.042623 47.920687 01101111 01111101
-82.192769 36.480595 11000111 10110101
-84.323169 32.06619 10110100 10011010
-108.668148 30.945291 01000011 00100101
-115.111271 25.945961 00100000 00001000
-69.783284 47.183643 11111110 11111110
-121.107819 37.640548 00011000 01000010
-121.055009 33.411803 00010101 00010011
-96.825459 26.186594 01110000 00101010
-92.068022 33.02861 10010101 10010011
-124.058814 46.386277 00001110 01010100
-118.795031 32.878332 00010100 00010010
-109.001611 37.354913 01001000 01100000
-91.764458 33.498438 10010101 10010011
-105.959223 44.771459 01011101 01110011
-107.982636 39.030446 01001001 01100001
-89.946175 27.27193 10010001 10000011
-85.203513 38.016945 10111000 11001010
-102.772344 41.489014 01101010 01101100
-79.746374 29.878313 11000010 10100100
-104.489626 35.800451 01010111 00110111
-69.999434 43.562672 11111100 11111010
-81.531631 30.119035 11000011 10100101
-80.081047 40.973777 11001010 11100100
-112.833203 34.39544 00110110 00011110
-96.989149 34.950423 01110110 00111110
-117.860654 46.78533 00011110 01010110
-95.864614 46.562281 10001110 11010100
-73.790067 36.12224 11100111 10111101
-72.579913 46.209948 11101110 11111100
-123.656409 35.980664 00000111 00010101
-114.669516 31.58558 00100100 00011000
-119.033122 43.437792 00011100 01010010
-93.476124 32.426878 10000100 10010000
-113.105215 47.118408 00111110 01011110
-118.540485 38.108223 00011000 01000010
-90.959751 35.520536 10010110 10010110
-123.689269 47.544527 00001111 01010101
-121.195054 32.84264 00010100 00010010
-106.58423 32.753354 01010100 00110010
-78.502889 48.364931 11011111 11110111
-74.807641 37.961028 11101000 11101000
-111.89714 31.556082 00110100 00011010
-93.03159 45.276949 10011101 11010011
-109.643947 40.525031 01001010 01100100
-90.682169 41.419387 10011010 11000110
-118.508111 48.312999 00011111 01010111
-75.574819 36.202408 11010111 10110111
-91.851897 43.544414 10011100 11010010
-85.484817 28.927188 10110010 10001110
-68.859219 36.127907 11110111 10111111
-100.054278 38.802802 01111001 01101011
-74.608361 36.605462 11100111 10111101
-112.856349 39.629197 00111001 01001011
-93.148861 26.956759 10000000 10000000
-82.78448 38.063512 10111000 11001010
-73.29126 33.712603 11100101 10111001
-124.17182 29.821711 00000010 00000100
-101.958634 46.36116 01101110 01111100
-85.124062 46.175964 10111110 11011110
-78.53564 31.877823 11010100 10110010
-85.977579 41.21196 10111010 11001110
-93.596952 47.79465 10001111 11010101
-77.998181 28.543491 11010001 10100011
-121.663819 48.093249 00001111 01010101
-101.390967 43.256412 01101100 01111000
-98.492238 44.68664 01111101 01111011
-112.840698 34.014012 00110101 00011011
-91.619256 36.453443 10010111 10010111
-98.395744 35.703477 01110110 00111110
-119.53046 38.868972 00011001 01000011
-98.391222 32.978639 01110101 00111011
-81.234852 46.056859 11001110 11110100
-92.506311 47.252332 10011111 11010111
-107.924036 34.112407 01000101 00110001
-88.207209 35.677028 10100110 10011100
-79.109808 28.487051 11000001 10100001
-78.118562 26.077655 11010000 10100010
-75.164398 40.596944 11101010 11101100
-93.385264 30.644192 10000011 10000101
-119.101722 43.897559 00011100 01010010
-100.466626 47.438184 01101111 01111101
-90.465955 36.10166 10010111 10010111
-80.274718 31.780071 11000100 10110000
-119.244778 32.634974 00010100 00010010
-122.190053 39.877548 00001001 01000001
-112.03401 30.975937 00110011 00001111
-107.637394 42.851269 01001011 01100101
-113.417747 40.011452 00111001 01001011
-113.394705 40.675906 00111010 01001110
-123.088226 43.362912 00001100 01010000
-105.304211 38.801154 01011001 01100011
-119.843074 28.903402 00010010 00000110
-79.033554 33.87245 11000101 10110001
-78.685687 31.284756 11010011 10100111
-68.469941 44.423761 11111101 11111011
-103.779312 33.597014 01010101 00110011
-95.984705 28.027648 10000001 10000001
-112.940094 28.857144 00110010 00001110
-80.246248 39.777788 11001001 11100001
-76.06664 35.820194 11010111 10110111
-109.800883 39.763672 01001001 01100001
-119.916557 45.158512 00011101 01010011
-107.862325 47.513487 01001111 01110101
-79.061157 47.237704 11001110 11110100
-105.507304 36.955108 01010111 00110111
-91.567805 26.186236 10010000 10000010
-77.20223 40.009443 11011001 11100011
-99.738458 28.48323 01110001 00101011
-91.902738 31.315045 10010011 10000111
-95.948219 32.838882 10000100 10010000
-71.025488 46.302263 11111110 11111110
-80.576343 46.498852 11001110 11110100
-86.486215 26.501679 10100000 10001000
-111.611153 26.620415 00110000 00001010
-89.800659 31.068996 10010011 10000111
-115.641796 46.904161 00101110 01011100
-71.851541 32.711568 11110100 10111010
-118.870149 36.261188 00010111 00010111
-75.560037 45.209956 11011101 11110011
-112.719555 45.916711 00111110 01011110
-72.53423 37.336795 11101000 11101000
-111.880865 41.005204 00111010 01001110
-93.037929 42.672063 10011011 11000111
-124.853975 28.861337 00000010 00000100
-111.681409 28.919934 00110010 00001110
-74.833999 48.054676 11101111 11111101
-122.332683 31.437959 00000011 00000101
-74.886759 30.347881 11100011 10101101
-94.717833 35.453689 10000110 10010100
-102.569351 37.349435 01101000 01101000
-88.606687 31.251108 10100011 10001101
-109.857248 32.786167 01000100 00110000
-123.011328 48.54435 00001111 01010101
-118.040997 27.252047 00010001 00000011
-84.383745 34.069456 10110101 10011011
-84.110882 38.483901 10111000 11001010
-100.447717 29.622281 01100010 00101100
-102.617275 44.907904 01101101 01111001
-96.579039 25.976327 10000000 10000000
-113.587995 28.849728 00110010 00001110
-98.871565 37.378313 01111000 01101010
-89.901882 33.802345 10010101 10010011
-84.256883 27.187442 10110001 10001011
-72.135321 26.013847 11100000 10101000
-116.14408 37.727634 00101000 01001000
-96.090301 32.191753 10000100 10010000
-96.76092 39.877132 01111001 01101011
-104.855228 27.142367 01010000 00100010
-120.485697 42.45576 00011011 01000111
-104.106051 46.250127 01011110 01110110
-124.017 37.454195 00001000 01000000
-73.442288 27.520517 11100001 10101001
-80.39299 34.165665 11000101 10110001
-90.474428 44.971703 10011101 11010011
-78.680593 40.466948 11011010 11100110
-77.391422 31.218506 11010011 10100111
-124.637454 37.667622 00001000 01000000
-109.482417 43.400436 01001100 01110000
-82.023689 41.332377 11001010 11100100
-116.257196 39.341471 00101001 01001001
-118.531055 39.181228 00011001 01000011
-119.253436 39.42646 00011001 01000011
-118.629476 27.338285 00010001 00000011
-79.864861 46.086284 11001110 11110100
-82.287235 37.086439 11000111 10110101
-77.101502 40.671746 11011010 11100110
-101.001034 46.847629 01101110 01111100
-85.968725 39.11205 10111001 11001011
-91.087558 34.390189 10010110 10010110
-73.581087 45.811405 11101110 11111100
-105.029852 40.230012 01011010 01100110
-86.428091 30.902738 10100011 10001101
-92.977914 45.287399 10011101 11010011
-123.368831 30.260198 00000011 00000101
-76.023148 48.4413 11011111 11110111
-86.050912 35.122446 10100110 10011100
-120.901101 37.651425 00011000 01000010
-82.692736 40.37298 10111010 11001110
-77.625027 41.665304 11011011 11100111
-112.616439 36.939532 00110111 00011111
-111.814951 42.878409 00111011 01001111
-93.105053 32.659649 10000100 10010000
-106.416513 31.590832 01010100 00110010
-109.460536 44.363599 01001100 01110000
-110.657643 33.015733 01000101 00110001
-110.995222 34.54464 00110110 00011110
-94.281805 37.4753 10001000 11000000
-118.279086 42.062234 00011011 01000111
-87.032893 27.428373 10100001 10001001
-93.41573 36.380067 10000111 10010101
-82.510096 25.851885 10110000 10001010
-83.284514 41.704 10111011 11001111
-97.16393 31.49065 01110100 00111010
-85.766866 46.284406 10111110 11011110
-109.811225 46.230791 01001110 01110100
-74.057282 32.393536 11100100 10111000
-83.436397 43.842425 10111100 11011010
-115.676213 44.894174 00101101 01011001
-73.138629 26.952761 11100000 10101000
-90.089209 43.236042 10011100 11010010
-104.989135 38.745893 01011001 01100011
-100.687511 37.630643 01101000 01101000
-110.66869 39.703856 01001001 01100001
-100.984274 37.654988 01101000 01101000
-122.650418 29.121727 00000010 00000100
-94.937585 42.111029 10001011 11000101
-109.32081 27.788272 01000001 00100001
-102.483627 33.157838 01100101 00111001
-72.316226 33.217609 11100101 10111001
-113.071377 46.119979 00111110 01011110
-112.658385 28.165667 00110001 00001011
-69.242872 39.161434 11111001 11101011
-79.551209 37.252794 11001000 11100000
-100.545465 37.979536 01101000 01101000
-96.138022 36.370598 10000111 10010101
-81.425802 46.539126 11001110 11110100
-124.701014 40.841564 00001010 01000100
-123.291504 31.360095 00000011 00000101
-124.006188 33.62466 00000101 00010001
-122.121657 42.717376 00001011 01000101
-73.297525 37.467738 11101000 11101000
-111.218626 39.976713 00111001 01001011
-117.899245 33.449596 00010101 00010011
-86.077616 36.93951 10100111 10011101
-99.916487 30.855756 01110011 00101111
-112.771574 43.419037 00111100 01011010
-105.416781 44.413579 01011101 01110011
-124.535684 40.137903 00001010 01000100
-79.268462 46.87197 11001110 11110100
-115.456585 31.686008 00100100 00011000
-85.75627 34.994762 10110110 10011110
-85.462422 36.479199 10110111 10011111
-99.447973 29.007957 01110010 00101110
-78.148 39.072211 11011001 11100011
-114.377329 27.305797 00100001 00001001
-96.439833 48.274944 10001111 11010101
-77.608425 31.873824 11010100 10110010
-75.421295 45.413606 11011101 11110011
-96.53104 39.970528 10001001 11000001
-110.209319 42.078934 01001011 01100101
-92.535686 46.269444 10011110 11010110
-88.863971 32.966421 10100101 10011001
-71.036302 33.142465 11110101 10111011
-111.590307 29.669184 00110010 00001110
-115.571571 29.307236 00100010 00001100
-70.671269 31.030276 11110011 10101111
-84.027208 40.082464 10111010 11001110
-123.345158 32.100812 00000100 00010000
-93.635717 47.109663 10001110 11010100
-111.511197 36.081349 00110111 00011111
-97.003267 47.19165 01111110 01111110
-108.917251 33.018403 01000101 00110001
-99.498622 48.021212 01111111 01111111
-74.995088 32.945981 11100101 10111001
-103.288313 44.206874 01101100 01111000
-106.921211 40.978253 01011010 01100110
-99.470934 26.333855 01110000 00101010
-122.468202 43.588572 00001100 01010000
-100.314741 45.180264 01101101 01111001
-106.220576 47.477175 01011111 01110111
-80.28845 29.546396 11000010 10100100
-107.213463 44.328607 01001100 01110000
-83.769159 30.017466 10110010 10001110
-111.327615 41.399864 00111010 01001110
-89.669146 39.520681 10011001 11000011
-110.653951 41.330862 01001010 01100100
-95.600338 32.559191 10000100 10010000
-103.177047 35.317928 01100110 00111100
-84.11382 37.337916 10111000 11001010
-124.298638 38.988654 00001001 01000001
-80.589564 39.68547 11001001 11100001
-113.196584 32.536244 00110100 00011010
-97.842302 37.839563 01111000 01101010
-124.053641 28.858002 00000010 00000100
-74.191208 34.070842 11100101 10111001
-78.472555 38.956792 11011001 11100011
-110.746765 45.85939 00111110 01011110
-86.387016 43.912825 10101100 11011000
-114.531526 45.03223 00101101 01011001
-79.633454 26.447544 11000000 10100000
-119.415642 29.922506 00010010 00000110
-103.332357 39.727244 01101001 01101001
-92.522764 29.401856 10010010 10000110
-75.532331 34.382641 11010110 10110110
-115.326458 38.820351 00101001 01001001
-99.722195 29.289061 01110010 00101110
-92.260594 40.203758 10011010 11000110
-112.97593 44.026217 00111100 01011010
-117.755099 42.552405 00101011 01001101
-80.684244 30.665404 11000011 10100101
-101.058391 43.183289 01101100 01111000
-74.178314 35.718179 11100110 10111100
-114.845458 29.025081 00100010 00001100
-76.625688 41.789861 11011011 11100111
-114.306207 44.673189 00101101 01011001
-83.341994 30.835067 10110011 10001111
-92.997586 46.795641 10011110 11010110
-119.34088 45.259981 00011101 01010011
-97.187968 29.074042 01110010 00101110
-123.776041 42.553788 00001011 01000101
-93.690254 31.507397 10000100 10010000
-92.004993 47.851012 10011111 11010111
-105.815419 26.710587 01010000 00100010
-123.034462 45.388144 00001101 01010001
-107.240411 44.920276 01001101 01110001
-90.79687 29.904729 10010010 10000110
-96.028517 43.324524 10001100 11010000
-123.906996 47.648343 00001111 01010101
-104.206463 27.36859 01010001 00100011
-111.412814 39.051808 00111001 01001011
-124.692149 38.851493 00001001 01000001
-116.59014 44.479941 00101101 01011001
-88.997528 36.797601 10100111 10011101
-108.445159 40.743233 01001010 01100100
-78.089981 37.450877 11011000 11100010
-96.020834 29.713886 10000010 10000100
-95.127696 30.390804 10000011 10000101
-72.071358 38.614688 11101000 11101000
-84.040645 35.690532 10110110 10011110
-98.229949 43.069672 01111100 01111010
-74.662313 26.672189 11100000 10101000
-101.614955 47.055138 01101110 01111100
-115.21815 29.580637 00100010 00001100
-77.408908 45.509921 11011101 11110011
-118.532913 29.679167 00010010 00000110
-95.551675 44.287998 10001100 11010000
-102.028366 44.549188 01101101 01111001
-114.98882 30.75305 00100011 00001101
-115.59747 30.191311 00100011 00001101
-112.78823 35.372447 00110110 00011110
-69.694243 41.527085 11111011 11101111
-113.061506 35.858777 00110111 00011111
-80.279236 46.744202 11001110 11110100
-87.259264 40.501395 10101010 11001100
-74.590042 33.004827 11100101 10111001
-80.611672 43.310603 11001100 11110000
-84.1009 47.327314 10111111 11011111
-113.280988 44.72977 00111101 01011011
-114.98057 44.310797 00101100 01011000
-71.03733 45.562483 11111101 11111011
-109.065892 45.821692 01001110 01110100
-114.481055 34.659901 00100110 00011100
-108.578904 40.46162 01001010 01100100
-74.553305 35.52882 11100110 10111100
-106.735715 41.481512 01011010 01100110
-99.482982 44.844355 01111101 01111011
-86.321709 45.735734 10101101 11011001
-124.799704 46.873345 00001110 01010100
-114.789073 39.209966 00101001 01001001
-110.660285 32.243794 01000100 00110000
-99.493612 44.08967 01111100 01111010
-111.300935 34.180856 00110101 00011011
-75.411787 39.713196 11011001 11100011
-85.624335 34.179845 10110101 10011011
-69.965563 45.896012 11111110 11111110
-71.681695 32.042486 11110100 10111010
-92.432993 46.024109 10011110 11010110
-99.558636 31.919595 01110100 00111010
-119.686253 45.915296 00011110 01010110
-89.051702 45.082318 10101101 11011001
-68.383136 38.335382 11111000 11101010
-104.276822 28.496491 01010001 00100011
-97.716801 28.676851 01110010 00101110
-113.796052 35.499376 00110110 00011110
-110.048983 27.924723 01000001 00100001
-81.25934 35.727026 11000110 10110100
-99.275623 46.640353 01111110 01111110
-103.238805 43.798837 01101100 01111000
-103.249186 47.043206 01101110 01111100
-85.252763 29.707128 10110010 10001110
-82.11455 48.202029 11001111 11110101
-110.277274 27.6073 01000001 00100001
-93.799091 45.975409 10001110 11010100
-122.784678 29.207959 00000010 00000100
-97.77916 36.926565 01110111 00111111
-107.675891 40.763304 01001010 01100100
-120.244348 36.214294 00010111 00010111
-92.001337 47.630128 10011111 11010111
-94.59855 38.478224 10001000 11000000
-68.668643 41.156322 11111010 11101110
-74.878738 38.607309 11101000 11101000
-106.574824 29.910712 01010010 00100110
-73.178552 27.769708 11100001 10101001
-99.291953 33.537124 01110101 00111011
-117.771556 40.149319 00101010 01001100
-78.680532 46.236331 11011110 11110110
-112.699031 36.884766 00110111 00011111
-101.215205 47.57943 01101111 01111101
-77.415042 27.628766 11010001 10100011
-104.092321 32.796452 01010100 00110010
-78.540321 32.47731 11010100 10110010
-120.519634 32.224917 00010100 00010010
-121.590533 31.582059 00000100 00010000
-71.495393 36.291166 11110111 10111111
-102.698032 47.770683 01101111 01111101
-95.229993 47.421876 10001111 11010101
-114.059676 25.9192 00110000 00001010
-120.314421 31.378776 00010011 00000111
-104.199697 33.360068 01010101 00110011
-95.034285 28.203956 10000001 10000001
-107.712082 38.449493 01001000 01100000
-78.977734 36.678954 11000111 10110101
-101.48581 41.55603 01101011 01101101
-68.335157 41.35942 11111010 11101110
-119.258804 28.786 00010010 00000110
-91.479397 46.491693 10011110 11010110
-71.138261 40.902222 11111010 11101110
-120.977898 34.75083 00010110 00010110
-98.097615 37.853543 01111000 01101010
-97.109561 45.912911 01111110 01111110
-116.98266 39.178651 00101001 01001001
-71.075237 36.190082 11110111 10111111
-88.823213 40.261272 10101010 11001100
-98.722766 31.411669 01110011 00101111
-70.844696 37.32798 11111000 11101010
-77.090348 35.270488 11010110 10110110
-124.724363 40.778086 00001010 01000100
-108.252547 33.252467 01000101 00110001
-105.136969 30.733316 01010011 00100111
-70.015888 39.229742 11111001 11101011
-114.284278 45.416425 00101101 01011001
-123.503183 33.158995 00000101 00010001
-83.816655 38.668465 10111001 11001011
-99.761912 48.107816 01111111 01111111
-83.01974 28.832081 10110010 10001110
-71.893764 33.504511 11100101 10111001
-97.564316 34.191333 01110101 00111011
-117.094091 46.226189 00101110 01011100
-99.569253 29.28147 01110010 00101110
-71.537425 30.774104 11110011 10101111
-92.675349 32.790154 10010100 10010010
-78.944737 40.278467 11001010 11100100
-104.105171 30.243173 01010011 00100111
-117.463287 44.82476 00101101 01011001
-86.95252 31.56219 10100100 10011000
-78.058224 33.648878 11010101 10110011
-121.954008 33.844701 00000101 00010001
-98.628909 48.616419 01111111 01111111
-76.745368 38.974629 11011001 11100011
-98.829324 48.409094 01111111 01111111
-80.18278 30.82881 11000011 10100101
-116.551582 31.818181 00100100 00011000
-112.189466 30.958396 00110011 00001111
-103.045095 40.866703 01101010 01101100
-121.150564 43.614209 00011100 01010010
-69.050187 45.879061 11111110 11111110
-96.586603 35.025241 10000110 10010100
-112.720607 43.972147 00111100 01011010
-76.181417 41.625369 11011011 11100111
-118.254807 43.360078 00011100 01010010
-122.039253 26.381232 00000000 00000000
-121.653698 42.965627 00001100 01010000
-76.583261 47.263875 11011111 11110111
-75.922849 31.056988 11010011 10100111
-96.827745 31.946673 01110100 00111010
-70.534993 27.44463 11110001 10101011
-120.498477 30.387714 00010011 00000111
-117.491213 46.828262 00101110 01011100
-87.62288 46.261672 10101110 11011100
-83.251162 32.794668 10110100 10011010
-120.794385 31.389127 00010011 00000111
-90.171798 28.901124 10010010 10000110
-116.877833 30.687593 00100011 00001101
-118.424212 37.785994 00011000 01000010
-117.47539 27.154307 00100000 00001000
-102.328383 27.981027 01100001 00101001
-84.02593 28.118 10110001 10001011
-102.151725 47.448229 01101111 01111101
-79.369197 35.672772 11000110 10110100
-73.210183 38.490663 11101000 11101000
-113.374489 37.623938 00111000 01001010
-79.69075 45.022213 11001101 11110001
-100.70594 30.692581 01100011 00101101
-123.636998 38.569049 00001000 01000000
-103.804789 43.440581 01011100 01110010
-105.950058 40.93092 01011010 01100110
-120.972867 36.971583 00010111 00010111
-119.799531 34.915339 00010110 00010110
-112.244712 45.553791 00111101 01011011
-72.152405 44.027412 11101100 11111000
-69.947681 37.505102 11111000 11101010
-116.237148 40.307423 00101010 01001100
-86.797326 47.381418 10101111 11011101
-99.307551 38.821397 01111001 01101011
-111.830204 32.817052 00110100 00011010
-70.182332 26.860634 11110000 10101010
-92.332568 30.542145 10010011 10000111
-84.450692 30.155467 10110011 10001111
-111.825234 38.433534 00111000 01001010
-92.133922 42.758319 10011011 11000111
-70.506529 33.405902 11110101 10111011
-103.784549 28.751306 01010010 00100110
-122.324214 34.414049 00000110 00010100
-110.589439 27.336155 01000001 00100001
-120.373957 43.667311 00011100 01010010
-111.766176 48.473708 00111111 01011111
-75.395129 40.377074 11011010 11100110
-123.715026 27.703516 00000001 00000001
-124.780743 31.648255 00000100 00010000
-121.933622 34.001255 00000101 00010001
-104.535192 29.5254 01010010 00100110
-74.956827 30.23783 11100011 10101101
-110.973386 46.018771 00111110 01011110
-116.704231 31.707289 00100100 00011000
-97.048094 38.560078 01111000 01101010
-86.621236 31.218073 10100011 10001101
-116.555955 38.636478 00101000 01001000
-120.126692 42.252221 00011011 01000111
-84.720202 27.314611 10110001 10001011
-70.630223 45.235744 11111101 11111011
-99.254984 36.899028 01110111 00111111
-85.743063 43.605625 10111100 11011010
-85.543573 31.321687 10110011 10001111
-80.029994 48.305159 11001111 11110101
-72.059927 40.707578 11101010 11101100
-123.636625 41.542779 00001011 01000101
-106.428394 27.31243 01010001 00100011
-112.592778 42.485136 00111011 01001111
-88.549416 43.18156 10101100 11011000
-97.89344 34.114044 01110101 00111011
-112.538281 37.318345 00111000 01001010
-107.392953 27.934836 01000001 00100001
-78.567459 46.498112 11011110 11110110
-107.152785 30.722086 01010011 00100111
-107.97706 36.064856 01000111 00110101
-115.521781 31.933176 00100100 00011000
-106.094433 25.905861 01010000 00100010
-81.674787 33.167428 11000101 10110001
-74.098084 34.831221 11100110 10111100
-76.864713 48.306096 11011111 11110111
-68.615773 26.666966 11110000 10101010
-85.544494 38.226695 10111000 11001010
-73.660031 31.055214 11100011 10101101
-107.26254 48.321349 01001111 01110101
-123.397883 41.582497 00001011 01000101
-110.936937 38.799037 00111001 01001011
-87.465411 47.233307 10101110 11011100
-91.13357 32.82947 10010100 10010010
-98.433197 32.28233 01110100 00111010
-116.35124 27.956536 00100001 00001001
-104.724961 29.914068 01010010 00100110
-116.966368 48.433729 00101111 01011101
-106.348846 36.651411 01010111 00110111
-94.949891 32.509696 10000100 10010000
-73.469642 30.144331 11100011 10101101
-76.634956 26.965746 11010000 10100010
-76.820128 33.982867 11010101 10110011
-81.125203 36.183507 11000111 10110101
-98.60512 38.170346 01111000 01101010
-82.570414 31.504096 10110100 10011010
-106.420244 37.525683 01011000 01100010
-81.182963 32.257517 11000100 10110000
-73.750856 48.492116 11101111 11111101
-108.528431 40.371161 01001010 01100100
-93.923816 40.479648 10001010 11000100
-117.379898 39.25033 00101001 01001001
-69.112314 45.042832 11111101 11111011
-108.147326 33.285219 01000101 00110001
-120.360194 34.266267 00010101 00010011
-111.093827 30.258673 00110011 00001111
-121.076424 42.961591 00011100 01010010
-113.526839 26.554579 00110000 00001010
-108.050247 27.023489 01000000 00100000
-68.402864 45.303111 11111101 11111011
-88.591837 35.776953 10100111 10011101
-85.731218 40.529409 10111010 11001110
-110.805044 33.185282 00110101 00011011
-83.265319 36.0648 10110111 10011111
-108.244683 30.097023 01000011 00100101
-108.862783 26.696313 01000000 00100000
-111.655265 37.15269 00110111 00011111
-96.158722 36.154483 10000111 10010101
-120.66256 40.716012 00011010 01000110
-115.824092 39.167539 00101001 01001001
-113.307116 47.324173 00111111 01011111
-120.676922 37.651408 00011000 01000010
-86.920318 47.024065 10101110 11011100
-83.971845 27.6348 10110001 10001011
-72.346578 45.772746 11101101 11111001
-117.055819 34.298475 00100101 00011001
-111.213131 40.301779 00111010 01001110
-90.303231 47.684087 10011111 11010111
-114.725344 29.203532 00100010 00001100
-113.587277 43.555923 00111100 01011010
-111.824443 30.390207 00110011 00001111
-88.890567 31.571607 10100100 10011000
-119.152897 27.280738 00010001 00000011
-120.904574 47.513218 00011111 01010111
-68.588984 33.32822 11110101 10111011
-70.029451 38.869986 11111001 11101011
-109.561465 31.63323 01000100 00110000
-95.089593 30.285141 10000011 10000101
-89.923365 31.601868 10010100 10010010
-117.038209 36.810962 00100111 00011101
-71.796091 35.008279 11110110 10111110
-79.918163 39.733375 11001001 11100001
-76.150321 30.216361 11010011 10100111
-75.571225 26.410115 11010000 10100010
-104.088099 38.195751 01011000 01100010
-92.516916 38.428415 10011000 11000010
-80.11032 27.64047 11000001 10100001
-91.685796 48.066586 10011111 11010111
-113.29388 35.087227 00110110 00011110
-121.413605 36.675367 00000111 00010101
-109.632696 37.440969 01001000 01100000
-102.662283 47.20641 01101110 01111100
-106.959331 36.326043 01010111 00110111
-121.280522 46.444793 00011110 01010110
-116.354098 39.641149 00101001 01001001
-81.469878 33.874342 11000101 10110001
-90.563816 47.562078 10011111 11010111
-95.554702 43.996487 10001100 11010000
-83.579965 36.070136 10110111 10011111
-84.483868 28.758811 10110010 10001110
-74.245862 38.764623 11101001 11101001
-124.593308 37.841228 00001000 01000000
-84.707028 36.738772 10110111 10011111
-120.37467 30.041165 00010011 00000111
-120.6371 27.747871 00010001 00000011
-89.075959 35.780975 10100111 10011101
-84.179421 32.03384 10110100 10011010
-74.700879 42.025849 11101011 11101101
-102.279814 40.552593 01101010 01101100
-101.170659 40.020068 01101001 01101001
-113.816269 27.259496 00110001 00001011
-68.833278 42.504937 11111011 11101111
-72.051166 29.172096 11100010 10101100
-82.449109 47.181084 11001110 11110100
-109.092701 31.772553 01000100 00110000
-118.648552 44.712383 00011101 01010011
-72.167785 42.304574 11101011 11101101
-82.863693 33.670611 10110101 10011011
-113.271852 32.984876 00110101 00011011
-108.245385 28.933459 01000010 00100100
-117.939956 46.643306 00011110 01010110
-103.335634 43.251578 01101100 01111000
-92.294556 32.367356 10010100 10010010
-114.898325 40.365599 00101010 01001100
-86.434615 46.530511 10101110 11011100
-119.419183 27.82529 00010001 00000011
-79.710346 38.461336 11001000 11100000
-69.910417 37.396449 11111000 11101010
-71.88778 46.328769 11101110 11111100
-120.864309 45.735706 00011101 01010011
-72.201467 29.112654 11100010 10101100
-68.479366 45.361373 11111101 11111011
-80.974176 31.403118 11000011 10100101
-73.81805 27.174466 11100001 10101001
-116.300869 36.041283 00100111 00011101
-86.732571 34.888666 10100110 10011100
-70.957736 29.313875 11110010 10101110
-99.697326 40.531078 01111010 01101110
-120.827253 26.264464 00010000 00000010
-104.104555 42.61208 01011011 01100111
-94.266602 26.964245 10000000 10000000
-92.871386 37.450403 10011000 11000010
-115.868396 40.406351 00101010 01001100
-117.81082 43.851204 00011100 01010010
-118.864832 26.800223 00010000 00000010
-109.309945 44.225043 01001100 01110000
-90.343372 42.439985 10011011 11000111
-102.989049 37.657228 01101000 01101000
-114.726662 34.003052 00100101 00011001
-113.257117 30.725952 00110011 00001111
-119.136428 43.949043 00011100 01010010
-70.186757 39.07135 11111001 11101011
-119.825005 45.695872 00011101 01010011
-86.76499 47.679518 10101111 11011101
-124.852345 38.974511 00001001 01000001
-114.471688 39.921051 00101001 01001001
-110.861624 36.93854 00110111 00011111
-88.35853 27.923897 10100001 10001001
-81.470308 27.956351 11000001 10100001
-77.120005 27.856515 11010001 10100011
-95.103076 35.035471 10000110 10010100
-82.286949 42.774106 11001011 11100101
-97.69294 26.875255 01110000 00101010
-75.956098 27.37151 11010001 10100011
-98.983153 46.190855 01111110 01111110
-116.77002 48.101718 00101111 01011101
-87.902591 35.427781 10100110 10011100
-81.919684 30.026484 11000010 10100100
-90.336695 41.293763 10011010 11000110
-104.827379 45.538992 01011101 01110011
-82.360501 39.485044 11001001 11100001
-77.279939 27.470245 11010001 10100011
-89.068092 42.356196 10101011 11001101
-91.975953 47.351552 10011111 11010111
-117.713834 41.453646 00101010 01001100
-69.563126 47.543303 11111111 11111111
-116.545248 37.275517 00101000 01001000
-85.633102 34.651833 10110110 10011110
-102.259219 31.243892 01100011 00101101
-70.921179 39.571759 11111001 11101011
-74.805955 44.804398 11101101 11111001
-119.923338 44.810159 00011101 01010011
-87.056936 28.974536 10100010 10001100
-123.429759 27.457728 00000001 00000001
-113.990406 40.575408 00111010 01001110
-124.086299 28.63553 00000010 00000100
-107.094786 44.328418 01011100 01110010
-122.652918 35.029818 00000110 00010100
-106.523688 27.703986 01010001 00100011
-107.120491 41.776317 01011011 01100111
-91.580645 40.303994 10011010 11000110
-92.91494 34.330749 10010101 10010011
-83.701542 40.747068 10111010 11001110
-90.559137 48.450304 10011111 11010111
-90.788168 25.919332 10010000 10000010
-75.756246 47.304016 11011111 11110111
-75.337136 32.433027 11100100 10111000
-77.275692 34.798923 11010110 10110110
-77.672784 26.480643 11010000 10100010
-115.107033 27.083702 00100000 00001000
-121.13821 41.069424 00011010 01000110
-80.6233 39.506979 11001001 11100001
-81.845233 39.865469 11001001 11100001
-91.294718 48.511359 10011111 11010111
-124.500847 27.099789 00000000 00000000
-100.197587 38.83863 01101001 01101001
-81.152528 34.352615 11000110 10110100
-106.628607 42.190151 01011011 01100111
-72.312096 44.154931 11101100 11111000
-87.872377 39.607991 10101001 11001001
-119.158675 37.272273 00011000 01000010
-116.877644 26.7043 00100000 00001000
-99.431924 34.412318 01110110 00111110
-117.49887 42.348585 00101011 01001101
-120.53532 36.6182 00010111 00010111
-119.710964 28.853025 00010010 00000110
-103.306984 46.09475 01101110 01111100
-78.404173 35.146834 11010110 10110110
-85.673919 33.151665 10110101 10011011
-114.307846 40.717795 00101010 01001100
-112.654478 44.164782 00111100 01011010
-105.29137 28.599415 01010001 00100011
-119.616273 48.094007 00011111 01010111
-103.093701 34.711734 01100110 00111100
-120.657678 40.666232 00011010 01000110
-107.69338 33.265549 01000101 00110001
-107.182627 25.941993 01010000 00100010
-89.019683 35.170595 10100110 10011100
-97.452026 36.328136 01110111 00111111
-94.330573 42.520952 10001011 11000101
-106.770595 28.686126 01010010 00100110
-84.537496 45.149668 10111101 11011011
-97.609916 40.870853 01111010 01101110
-106.435338 33.494077 01010101 00110011
-115.202959 36.134187 00100111 00011101
-82.039048 30.896491 11000011 10100101
-115.181112 33.00147 00100101 00011001
-119.905663 35.397354 00010110 00010110
-75.238264 44.054806 11101100 11111000
-79.625275 48.407569 11001111 11110101
-121.003266 38.930263 00011001 01000011
-79.767432 47.553342 11001111 11110101
-101.892524 25.772081 01100000 00101000
-101.250979 48.431468 01101111 01111101
-110.71576 34.310759 01000101 00110001
-103.022716 29.472008 01100010 00101100
-119.683542 35.13811 00010110 00010110
-92.754043 31.561676 10010100 10010010
-91.344883 38.347806 10011000 11000010
-91.754383 46.097446 10011110 11010110
-90.443989 40.606864 10011010 11000110
-124.407197 46.756296 00001110 01010100
-116.892535 43.64603 00101100 01011000
-103.06918 47.664229 01101111 01111101
-91.799624 46.54279 10011110 11010110
-109.279689 31.642081 01000100 00110000
-69.869048 44.707056 11111101 11111011
-72.059274 38.503789 11101000 11101000
-75.436779 26.56823 11010000 10100010
-122.359826 27.412125 00000001 00000001
-83.515441 25.838295 10110000 10001010
-122.825012 40.348724 00001010 01000100
-97.733731 46.745526 01111110 01111110
-76.824991 27.347914 11010001 10100011
-101.474211 45.446234 01101101 01111001
-90.159025 38.147214 10011000 11000010
-116.869788 41.349886 00101010 01001100
-93.456646 46.37548 10001110 11010100
-77.095938 38.123383 11011000 11100010
-104.104311 46.891457 01011110 01110110
-89.62431 40.80275 10011010 11000110
-86.006398 36.827888 10100111 10011101
-82.841644 37.560828 10111000 11001010
-86.948803 38.869329 10101001 11001001
-78.265027 48.608138 11011111 11110111
-85.883554 42.617133 10111011 11001111
-111.78546 44.417871 00111101 01011011
-115.575108 31.401259 00100011 00001101
-72.1214 33.471472 11100101 10111001
-97.703899 34.702017 01110110 00111110
-117.692537 30.104834 00100011 00001101
-76.98613 42.213734 11011011 11100111
-69.848188 27.056602 11110000 10101010
-113.9914 41.193634 00111010 01001110
-102.981222 31.771971 01100100 00111000
-97.568653 32.379329 01110100 00111010
-110.061646 26.596968 01000000 00100000
-78.015484 42.307691 11011011 11100111
-89.027429 45.986766 10101110 11011100
-122.512438 42.915957 00001011 01000101
-96.71745 29.885778 01110010 00101110
-86.889805 31.070519 10100011 10001101
-81.343741 42.893015 11001011 11100101
-99.30567 31.26981 01110011 00101111
-101.702644 33.629023 01100101 00111001
-86.116212 38.802039 10101001 11001001
-107.178492 38.445467 01011000 01100010
-102.024257 46.675024 01101110 01111100
-114.503431 42.41587 00101011 01001101
-79.835985 41.069837 11001010 11100100
-111.629501 42.995903 00111100 01011010
-118.656461 30.283569 00010011 00000111
-116.753239 30.958727 00100011 00001101
-72.487261 35.618409 11100110 10111100
-82.42896 33.83652 11000101 10110001
-74.399347 39.180822 11101001 11101001
-96.107778 42.932403 10001011 11000101
-76.222569 47.217194 11011110 11110110
-82.376553 27.365752 11000001 10100001
-111.970241 31.633006 00110100 00011010
-103.329545 47.159817 01101110 01111100
-93.009888 42.306572 10011011 11000111
-109.329604 37.096558 01000111 00110101
-101.075047 37.851111 01101000 01101000
-95.149604 34.215326 10000101 10010001
-104.979589 39.629394 01011001 01100011
-84.318969 46.696004 10111110 11011110
-104.772862 29.5323 01010010 00100110
-74.366568 45.662722 11101101 11111001
-102.102528 48.032163 01101111 01111101
-109.562271 45.972434 01001110 01110100
-72.589673 41.883893 11101011 11101101
-107.802964 25.751899 01000000 00100000
-99.290371 31.527899 01110100 00111010
-100.299135 39.744898 01101001 01101001
-93.58728 40.177098 10001010 11000100
-115.303593 43.138392 00101100 01011000
-115.294107 33.899618 00100101 00011001
-109.187127 43.458717 01001100 01110000
-71.648126 46.535124 11111110 11111110
-86.546633 44.249446 10101100 11011000
-90.143218 28.413767 10010001 10000011
-92.445848 34.748244 10010110 10010110
-94.166741 39.864954 10001001 11000001
-106.699506 38.72236 01011001 01100011
-102.507544 37.00562 01100111 00111101
-78.213185 27.395862 11010001 10100011
-92.759857 40.595973 10011010 11000110
-105.605101 26.099038 01010000 00100010
-88.917994 27.123928 10100000 10001000
-86.668249 46.3475 10101110 11011100
-111.293186 31.722081 00110100 00011010
-116.661355 47.046116 00101110 01011100
-91.153219 40.194246 10011010 11000110
-114.041649 27.070197 00110000 00001010
-75.101189 26.640353 11100000 10101000
-97.722239 48.423911 01111111 01111111
-74.433802 28.348318 11100001 10101001
-123.359833 34.219553 00000101 00010001
-74.137618 30.800033 11100011 10101101
-83.269847 28.428572 10110001 10001011
-95.000886 41.496987 10001010 11000100
-94.817352 39.42884 10001001 11000001
-115.727506 40.443862 00101010 01001100
-95.926348 28.784397 10000010 10000100
-89.542785 28.959236 10010010 10000110
-98.853422 42.65881 01111011 01101111
-106.622055 38.697848 01011001 01100011
-109.777118 43.650837 01001100 01110000
-93.235327 42.772692 10001011 11000101
-121.926183 30.002252 00000010 00000100
-93.52461 36.864084 10000111 10010101
-88.634791 27.810912 10100001 10001001
-98.612753 35.15939 01110110 00111110
-74.006046 25.894061 11100000 10101000
-73.103667 38.666378 11101001 11101001
-77.658661 47.649368 11011111 11110111
-100.155023 47.366734 01101111 01111101
-113.590329 34.515993 00110110 00011110
-70.892346 43.542639 11111100 11111010
-110.463637 43.643689 01001100 01110000
-92.073286 28.343834 10010001 10000011
-83.976008 41.174632 10111010 11001110
-98.891997 47.894189 01111111 01111111
-98.390447 28.568444 01110001 00101011
-68.829561 47.497543 11111111 11111111
-123.493696 35.383587 00000110 00010100
-109.262654 47.730454 01001111 01110101
-101.581341 30.462308 01100011 00101101
-117.667372 28.050733 00100001 00001001
-110.469256 27.273654 01000001 00100001
-72.04003 39.709416 11101001 11101001
-84.542314 32.846262 10110100 10011010
-93.665878 33.762881 10000101 10010001
-114.281387 28.0798 00100001 00001001
-101.361628 29.082009 01100010 00101100
-73.073744 29.212245 11100010 10101100
-73.697337 34.586142 11100110 10111100
-71.199602 45.694499 11111101 11111011
-80.614502 36.560826 11000111 10110101
-102.555594 36.225544 01100111 00111101
-117.51065 41.930156 00101011 01001101
-108.979686 31.983911 01000100 00110000
-95.778018 28.679317 10000010 10000100
-82.859999 28.729097 10110010 10001110
-104.182025 30.153898 01010011 00100111
-119.947861 29.947441 00010010 00000110
-103.1795 37.202465 01100111 00111101
-99.089319 39.796093 01111001 01101011
-89.328566 28.210053 10100001 10001001
-101.066333 35.733027 01100110 00111100
-103.68261 35.435172 01010110 00110110
-78.537123 31.122371 11010011 10100111
-101.142721 39.298142 01101001 01101001
-121.485846 46.521841 00001110 01010100
-86.016474 44.488996 10101101 11011001
-69.015833 40.854795 11111010 11101110
-89.377068 36.107833 10100111 10011101
-108.549188 33.663528 01000101 00110001
-117.9554 28.066465 00010001 00000011
-102.171378 42.987972 01101100 01111000
-87.814627 48.471817 10101111 11011101
-94.61789 32.523198 10000100 10010000
-111.484735 29.486871 00110010 00001110
-77.632407 39.468157 11011001 11100011
-94.444777 44.063052 10001100 11010000
-120.675085 40.012189 00011001 01000011
-98.648497 34.184807 01110101 00111011
-92.731896 41.351989 10011010 11000110
-72.899511 26.731807 11100000 10101000
-119.713786 48.05653 00011111 01010111
-121.381664 40.881512 00001010 01000100
-101.493535 40.628299 01101010 01101100
-116.947932 37.369775 00101000 01001000
-124.531286 42.203559 00001011 01000101
-117.353293 27.852894 00100001 00001001
-92.478052 37.903427 10011000 11000010
-102.579004 42.625565 01101011 01101101
-117.31576 42.781586 00101011 01001101
-116.580385 31.221803 00100011 00001101
-90.909097 40.60672 10011010 11000110
-79.158774 26.664212 11000000 10100000
-101.658259 44.058965 01101100 01111000
-103.106559 43.996217 01101100 01111000
-121.295371 26.254619 00010000 00000010
-90.882723 41.632182 10011011 11000111
-116.647521 48.382106 00101111 01011101
-98.70843 33.941308 01110101 00111011
-77.016156 37.79442 11011000 11100010
-71.462031 39.629489 11111001 11101011
-97.038037 33.914507 01110101 00111011
-89.888701 43.88391 10011100 11010010
-100.800637 39.155415 01101001 01101001
-70.232555 25.772795 11110000 10101010
-90.536746 37.567731 10011000 11000010
-80.857973 44.475201 11001101 11110001
-75.583593 45.147345 11011101 11110011
-101.21894 26.426836 01100000 00101000
-109.079934 39.968797 01001001 01100001
-97.0556 36.407578 01110111 00111111
-82.689615 42.972984 10111100 11011010
-74.865235 27.472491 11100001 10101001
-117.075967 28.274601 00100001 00001001
-83.977107 44.160771 10111100 11011010
-91.546982 41.157261 10011010 11000110
-122.63192 38.579043 00001000 01000000
-101.063576 27.450085 01100001 00101001
-118.266398 46.798821 00011110 01010110
-116.070655 45.673308 00101101 01011001
-100.8588 33.533967 01100101 00111001
-86.030189 29.730185 10100010 10001100
-78.040692 37.082829 11010111 10110111
-117.929853 31.71856 00010100 00010010
-105.075257 36.060844 01010111 00110111
-80.756787 41.116665 11001010 11100100
-114.33217 35.525811 00100110 00011100
-93.15577 42.247756 10001011 11000101
-119.548578 43.796685 00011100 01010010
-78.208231 30.030671 11010010 10100110
-95.943504 44.680315 10001101 11010001
-121.855449 33.471884 00000101 00010001
-109.602622 38.369011 01001000 01100000
-124.177418 37.574748 00001000 01000000
-117.655796 36.647383 00100111 00011101
-68.327367 47.481568 11111111 11111111
-106.96867 41.324067 01011010 01100110
-98.117748 46.85572 01111110 01111110
-111.322184 31.643887 00110100 00011010
-109.400873 47.626592 01001111 01110101
-102.797456 31.753741 01100100 00111000
-92.120954 29.150046 10010010 10000110
-88.993452 32.610332 10100100 10011000
-116.479763 35.259185 00100110 00011100
-94.403979 47.207081 10001110 11010100
-90.025215 38.980401 10011001 11000011
-106.344435 40.996983 01011010 01100110
-120.500762 30.094503 00010011 00000111
-71.964147 38.278728 11101000 11101000
-75.697927 41.224186 11011010 11100110
-115.297672 30.019923 00100010 00001100
-84.156712 45.788656 10111101 11011011
-117.790571 48.312152 00011111 01010111
-78.015736 33.285333 11010101 10110011
-118.767666 40.989323 00011010 01000110
-104.155464 30.305429 01010011 00100111
-85.92788 46.026121 10111110 11011110
-102.629246 33.871368 01100101 00111001
-108.282772 48.620878 01001111 01110101
-82.245539 38.746947 11001001 11100001
-99.348824 28.488675 01110001 00101011
-86.701507 46.702482 10101110 11011100
-100.018387 25.859215 01110000 00101010
-119.437994 33.636101 00010101 00010011
-101.357617 33.832997 01100101 00111001
-112.244098 36.256467 00110111 00011111
-73.562182 40.088806 11101010 11101100
-121.091327 40.863027 00011010 01000110
-76.87552 40.874073 11011010 11100110
-107.664597 31.458418 01000011 00100101
-81.079268 45.374403 11001101 11110001
-105.070042 35.869968 01010111 00110111
-92.759886 31.068622 10010011 10000111
-117.598557 35.904552 00100111 00011101
-81.699135 34.623985 11000110 10110100
-104.68378 39.601315 01011001 01100011
-106.594619 34.969334 01010110 00110110
-79.57616 31.777922 11000100 10110000
-110.043111 27.570098 01000001 00100001
-87.552146 33.929484 10100101 10011001
-107.962126 43.850655 01001100 01110000
-119.39074 43.583808 00011100 01010010
-77.140391 38.075904 11011000 11100010
-84.647801 45.123127 10111101 11011011
-113.495951 30.789935 00110011 00001111
-118.778367 33.859668 00010101 00010011
-90.228603 45.851678 10011110 11010110
-98.917676 36.33909 01110111 00111111
-119.748543 29.402665 00010010 00000110
-114.5815 48.192603 00101111 01011101
-99.643268 35.017398 01110110 00111110
-94.631399 36.352567 10000111 10010101
-118.73769 43.659698 00011100 01010010
-90.990092 30.363061 10010011 10000111
-86.393234 33.476785 10100101 10011001
-79.808575 41.82438 11001011 11100101
-96.149512 37.085734 10000111 10010101
-75.689732 41.199613 11011010 11100110
-120.285871 45.456037 00011101 01010011
-116.707872 41.043715 00101010 01001100
-70.964485 41.847049 11111011 11101111
-90.993939 45.38183 10011101 11010011
-124.262115 44.514358 00001101 01010001
-86.01992 32.078732 10100100 10011000
-75.1493 43.139563 11101100 11111000
-102.174355 43.250057 01101100 01111000
-94.97013 27.81773 10000001 10000001
-94.673054 31.21941 10000011 10000101
-79.009157 41.219762 11001010 11100100
-100.283367 32.418013 01100100 00111000
-79.207469 29.83916 11000010 10100100
-83.732603 30.471353 10110011 10001111
-72.025982 45.595875 11101101 11111001
-82.183682 48.323081 11001111 11110101
-88.393502 46.790997 10101110 11011100
-121.363757 33.188493 00000101 00010001
-74.734129 33.362995 11100101 10111001
-78.234196 45.998905 11011110 11110110
-122.566322 32.007778 00000100 00010000
-76.07204 31.534928 11010100 10110010
-86.177938 26.797241 10100000 10001000
-113.161582 36.275698 00110111 00011111
-80.920365 27.766061 11000001 10100001
-120.590995 30.143324 00010011 00000111
-71.372535 46.588248 11111110 11111110
-86.850557 36.666735 10100111 10011101
-85.7795 31.738535 10110100 10011010
-100.906719 48.258388 01101111 01111101
-120.548978 39.878711 00011001 01000011
-85.711349 26.58521 10110000 10001010
-75.412409 33.299575 11010101 10110011
-84.693996 45.059063 10111101 11011011
-74.424567 47.763437 11101111 11111101
-91.584398 26.03057 10010000 10000010
-106.898481 39.735884 01011001 01100011
-78.440994 47.566807 11011111 11110111
-112.614405 38.13075 00111000 01001010
-103.697514 36.990913 01010111 00110111
-88.149686 27.292179 10100001 10001001
-103.410387 39.323461 01101001 01101001
-102.98429 41.818636 01101011 01101101
-85.35598 46.066384 10111110 11011110
-98.960925 45.599427 01111101 01111011
-95.593299 32.499346 10000100 10010000
-114.530914 36.677055 00100111 00011101
-116.6871 46.18624 00101110 01011100
-103.213249 27.853546 01100001 00101001
-84.793634 26.304026 10110000 10001010
-86.037216 42.401553 10101011 11001101
-93.376328 36.570899 10000111 10010101
-93.488184 38.540425 10001000 11000000
-115.235604 29.98187 00100010 00001100
-83.724256 30.134201 10110011 10001111
-69.81853 42.48446 11111011 11101111
-112.149413 39.501363 00111001 01001011
-73.537064 46.7667 11101110 11111100
-119.903234 29.344149 00010010 00000110
-111.611894 38.242123 00111000 01001010
-102.28175 44.722122 01101101 01111001
-121.776128 47.45358 00001111 01010101
-102.607142 37.464358 01101000 01101000
-107.474602 39.386782 01001001 01100001
-120.190849 33.972724 00010101 00010011
-76.956921 26.335195 11010000 10100010
-87.281692 37.315313 10101000 11001000
-74.180796 36.85906 11100111 10111101
-107.503131 39.899785 01001001 01100001
-115.651926 44.378954 00101101 01011001
-77.408081 30.764201 11010011 10100111
-69.992395 36.607492 11110111 10111111
-99.357602 47.932122 01111111 01111111
-105.898097 46.279798 01011110 01110110
-114.551864 43.390943 00101100 01011000
-100.616588 37.226615 01101000 01101000
-96.686608 38.223737 01111000 01101010
-90.932347 39.331247 10011001 11000011
-102.695661 38.803575 01101001 01101001
-112.036979 48.678085 00111111 01011111
-81.006519 35.158294 11000110 10110100
-104.898457 48.596256 01011111 01110111
-103.702054 39.109455 01011001 01100011
-71.211573 32.463561 11110100 10111010
-101.783398 43.60052 01101100 01111000
-116.084685 42.631894 00101011 01001101
-117.088111 32.747021 00100100 00011000
-68.806634 30.374999 11110011 10101111
-113.45768 35.365705 00110110 00011110
-110.983353 46.476689 00111110 01011110
-70.235117 35.141768 11110110 10111110
-111.446859 45.311117 00111101 01011011
-73.988545 38.136201 11101000 11101000
-114.414635 38.600551 00101000 01001000
-121.630867 34.181713 00000101 00010001
-106.181202 39.315231 01011001 01100011
-79.170608 33.079056 11000101 10110001
-117.330534 33.413896 00100101 00011001
-117.710778 28.096819 00100001 00001001
-99.841351 33.379237 01110101 00111011
-91.137431 27.133147 10010000 10000010
-115.118816 40.47627 00101010 01001100
-124.020347 41.39956 00001010 01000100
-82.885521 40.005197 10111001 11001011
-87.577428 34.260428 10100101 10011001
-122.673976 30.344805 00000011 00000101
-110.608608 33.638629 01000101 00110001
-91.520164 30.259711 10010011 10000111
-78.537285 28.029649 11010001 10100011
-90.372369 40.076085 10011010 11000110
-89.678026 41.776224 10011011 11000111
-75.88141 45.734058 11011101 11110011
-107.974511 44.212876 01001100 01110000
-97.38136 26.858351 01110000 00101010
-111.82375 43.155183 00111100 01011010
-83.127906 27.288541 10110001 10001011
-77.70898 34.239104 11010101 10110011
-121.089499 47.532255 00011111 01010111
-109.930434 39.270982 01001001 01100001
-91.347324 37.053017 10010111 10010111
-96.268149 26.530046 10000000 10000000
-92.379188 37.651167 10011000 11000010
-90.012857 42.611295 10011011 11000111
-77.507504 48.28439 11011111 11110111
-102.407528 36.529684 01100111 00111101
-91.678138 31.689076 10010100 10010010
-77.820554 31.814013 11010100 10110010
-82.387878 43.12642 11001100 11110000
-100.658049 43.457958 01101100 01111000
-80.36336 41.741781 11001011 11100101
-104.599309 31.223428 01010011 00100111
-90.643737 48.384824 10011111 11010111
-78.708218 29.532726 11010010 10100110
-80.917423 36.898205 11000111 10110101
-72.284839 39.885822 11101001 11101001
-78.693834 42.918483 11011011 11100111
-100.186629 25.742356 01100000 00101000
-123.361233 37.112094 00000111 00010101
-124.541084 29.278629 00000010 00000100
-68.813528 31.880182 11110100 10111010
-68.801713 28.593873 11110001 10101011
-111.59079 45.600295 00111101 01011011
-90.335383 40.657678 10011010 11000110
-106.025936 38.045318 01011000 01100010
-108.315263 26.994718 01000000 00100000
-88.190932 35.713738 10100110 10011100
-94.383197 47.191692 10001110 11010100
-122.525677 31.652213 00000100 00010000
-115.010113 36.04055 00100111 00011101
-114.710094 34.712695 00100110 00011100
-73.286987 35.337011 11100110 10111100
-68.635251 34.653787 11110110 10111110
-97.359725 31.632612 01110100 00111010
-98.171103 36.256554 01110111 00111111
-111.182794 39.578887 00111001 01001011
-111.31225 35.011906 00110110 00011110
-101.763038 39.506747 01101001 01101001
-101.034831 36.404078 01100111 00111101
-83.542342 46.659741 10111110 11011110
-93.175647 44.96375 10001101 11010001
-77.850283 45.088255 11011101 11110011
-121.944604 40.909882 00001010 01000100
-108.955121 34.664677 01000110 00110100
-89.630442 38.35673 10011000 11000010
-75.721887 38.815634 11011001 11100011
-122.249372 42.550352 00001011 01000101
-78.107491 32.980364 11010101 10110011
-120.551039 41.0868 00011010 01000110
-86.744406 29.212534 10100010 10001100
-85.865054 26.994656 10110000 10001010
-74.50337 37.840497 11101000 11101000
-110.248787 28.307128 01000001 00100001
-91.720068 34.750944 10010110 10010110
-99.400461 34.353491 01110110 00111110
-69.23061 32.744122 11110100 10111010
-121.534086 29.184974 00000010 00000100
-107.264258 32.550626 01000100 00110000
-71.084647 43.165465 11111100 11111010
-106.382448 26.031264 01010000 00100010
-74.69424 37.286288 11101000 11101000
-109.605499 33.644591 01000101 00110001
-91.436493 33.844589 10010101 10010011
-90.036875 31.920522 10010100 10010010
-90.491009 27.272516 10010001 10000011
-98.777762 43.96031 01111100 01111010
-85.733133 31.055172 10110011 10001111
-123.985997 33.677193 00000101 00010001
-79.791805 36.746888 11000111 10110101
-113.329358 35.567623 00110110 00011110
-90.972197 33.793517 10010101 10010011
-104.666533 40.463292 01011010 01100110
-89.373062 34.326499 10100101 10011001
-74.597254 45.58837 11101101 11111001
-77.002526 35.752828 11010110 10110110
-94.973051 38.261133 10001000 11000000
-110.412998 34.231171 01000101 00110001
-100.08633 48.566565 01111111 01111111
-118.215993 35.822627 00010111 00010111
-101.471191 42.656825 01101011 01101101
-90.596486 38.173229 10011000 11000010
-94.821246 34.869252 10000110 10010100
-98.018272 27.069738 01110000 00101010
-106.934059 48.177504 01011111 01110111
-121.751978 34.099561 00000101 00010001
-82.550909 39.30535 10111001 11001011
-124.674459 41.761547 00001011 01000101
-84.284634 43.250349 10111100 11011010
-89.06721 46.447779 10101110 11011100
-83.793892 43.631356 10111100 11011010
-77.437708 29.420595 11010010 10100110
-104.435297 43.446129 01011100 01110010
-68.730325 32.862641 11110100 10111010
-119.90711 34.835671 00010110 00010110
-109.679121 32.788926 01000100 00110000
-115.425009 46.520636 00101110 01011100
-90.47516 38.783567 10011001 11000011
-103.391211 27.343599 01100001 00101001
-97.135172 46.438387 01111110 01111110
-117.208966 45.727791 00101101 01011001
-105.167067 42.02787 01011011 01100111
-96.225279 44.662844 10001101 11010001
-102.846964 45.562046 01101101 01111001
-97.145296 40.854486 01111010 01101110
-78.222417 42.751639 11011011 11100111
-114.427594 31.605331 00100100 00011000
-88.226198 30.219959 10100011 10001101
-93.143313 48.542509 10001111 11010101
-85.824066 45.231997 10111101 11011011
-82.565616 29.315408 10110010 10001110
-104.226581 46.803991 01011110 01110110
-96.074849 44.214131 10001100 11010000
-103.798453 36.455035 01010111 00110111
-112.086128 38.011452 00111000 01001010
-105.484652 35.987924 01010111 00110111
-76.941897 26.720432 11010000 10100010
-93.830994 31.880566 10000100 10010000
-124.081105 32.515592 00000100 00010000
-116.330977 48.625445 00101111 01011101
-76.686649 41.883681 11011011 11100111
-121.877067 29.607887 00000010 00000100
-92.157146 45.805823 10011101 11010011
-118.704638 42.544967 00011011 01000111
-102.800813 43.120993 01101100 01111000
-79.522615 48.521621 11001111 11110101
-90.4037 48.4919 10011111 11010111
-105.114447 39.711598 01011001 01100011
-103.027555 44.140554 01101100 01111000
-82.840346 37.490037 10111000 11001010
-83.102539 32.647906 10110100 10011010
-113.168983 27.236255 00110001 00001011
-117.4822 39.954019 00101001 01001001
-78.4981 31.157275 11010011 10100111
-100.250392 28.665564 01100010 00101100
-108.992701 48.311979 01001111 01110101
-72.841915 37.82308 11101000 11101000
-102.099941 35.442942 01100110 00111100
-68.622316 40.80032 11111010 11101110
-88.662041 39.959896 10101001 11001001
-122.8151 33.346933 00000101 00010001
-85.413707 37.358023 10111000 11001010
-92.67766 47.182177 10011110 11010110
-78.269177 38.502923 11011000 11100010
-71.625213 47.95284 11111111 11111111
-115.24485 33.256921 00100101 00011001
-120.639138 43.547643 00011100 01010010
-98.302721 26.507999 01110000 00101010
-89.918493 34.327906 10010101 10010011
-117.438726 32.658001 00100100 00011000
-102.9983 30.291701 01100011 00101101
-88.55752 36.058207 10100111 10011101
-99.444834 25.955992 01110000 00101010
-111.858503 47.010106 00111110 01011110
-86.28766 33.405683 10100101 10011001
-114.731185 30.152949 00100011 00001101
-88.872086 35.851362 10100111 10011101
-81.574399 45.34764 11001101 11110001
-70.483614 45.305934 11111101 11111011
-86.072357 36.087548 10100111 10011101
-116.56768 44.806021 00101101 01011001
-102.339811 27.311446 01100001 00101001
-82.704263 44.35849 10111100 11011010
-119.619611 27.889906 00010001 00000011
-101.231514 43.702653 01101100 01111000
-121.26265 39.393478 00011001 01000011
-84.979051 37.29428 10111000 11001010
-119.671611 31.351565 00010011 00000111
-94.611556 46.731356 10001110 11010100
-89.888728 38.350486 10011000 11000010
-96.126615 32.83998 10000100 10010000
-119.142317 41.735494 00011011 01000111
-100.610469 42.978307 01101100 01111000
-122.604536 32.466919 00000100 00010000
-97.651967 43.703069 01111100 01111010
-76.025547 46.489072 11011110 11110110
-85.380217 25.79878 10110000 10001010
-79.272022 46.097737 11001110 11110100
-80.595608 30.305959 11000011 10100101
-113.48356 45.657579 00111101 01011011
-123.420907 27.288638 00000001 00000001
-102.692616 27.034047 01100000 00101000
-87.897781 39.223136 10101001 11001001
-70.891515 46.164514 11111110 11111110
-78.997169 40.326102 11001010 11100100
-83.236534 35.017638 10110110 10011110
-69.642789 44.183382 11111100 11111010
-90.910409 44.372224 10011100 11010010
-94.311603 39.806074 10001001 11000001
-75.478975 40.295182 11011010 11100110
-79.515246 39.102401 11001001 11100001
-88.378738 27.330671 10100001 10001001
-87.988945 30.089542 10100011 10001101
-73.287462 29.86025 11100010 10101100
-83.190697 39.644933 10111001 11001011
-102.78834 39.834275 01101001 01101001
-118.874766 43.200581 00011100 01010010
-70.605732 42.119374 11111011 11101111
-120.896054 38.187446 00011000 01000010
-106.080296 37.275186 01011000 01100010
-87.436014 39.244782 10101001 11001001
-90.393426 41.285151 10011010 11000110
-107.132736 41.779659 01011011 01100111
-122.17493 43.435345 00001100 01010000
-74.281201 38.48633 11101000 11101000
-117.493493 29.335609 00100010 00001100
-103.42912 34.873091 01100110 00111100
-118.638916 48.628347 00011111 01010111
-106.34508 27.435555 01010001 00100011
-94.44383 28.726033 10000010 10000100
-69.316904 35.940768 11110111 10111111
-110.261353 44.987197 01001101 01110001
-87.694757 31.598685 10100100 10011000
-106.031061 34.040525 01010101 00110011
-70.553112 27.349374 11110001 10101011
-80.750004 41.726092 11001011 11100101
-72.061549 42.289473 11101011 11101101
-79.313521 48.559492 11001111 11110101
-117.699405 38.917498 00101001 01001001
-78.195196 39.077375 11011001 11100011
-82.240598 26.532533 11000000 10100000
-100.245361 30.120546 01100011 00101101
-70.975348 36.073396 11110111 10111111
-116.048355 30.254111 00100011 00001101
-70.767993 39.143454 11111001 11101011
-117.258441 26.31951 00100000 00001000
-77.315113 30.197556 11010011 10100111
-87.464713 31.360461 10100011 10001101
-121.875013 45.849552 00001110 01010100
-82.415084 29.519822 11000010 10100100
-123.592435 28.37004 00000001 00000001
-79.002159 47.490859 11001111 11110101
-88.198979 40.800767 10101010 11001100
-95.413785 44.600428 10001101 11010001
-118.093598 35.569337 00010110 00010110
-117.874983 44.974111 00011101 01010011
-102.823311 47.280018 01101111 01111101
-71.899041 45.317233 11101101 11111001
-111.714251 40.282126 00111010 01001110
-89.733225 47.297641 10011111 11010111
-91.713817 26.530485 10010000 10000010
-81.590842 45.576786 11001101 11110001
-123.497619 40.845039 00001010 01000100
-114.188124 38.157864 00111000 01001010
-98.442731 47.332161 01111111 01111111
-77.232359 40.863056 11011010 11100110
-89.228508 38.497821 10101000 11001000
-81.809652 47.279027 11001111 11110101
-112.144768 47.859846 00111111 01011111
-91.665426 35.034383 10010110 10010110
-103.306119 39.439261 01101001 01101001
-112.158632 40.398516 00111010 01001110
-103.272597 33.500026 01100101 00111001
-118.276761 35.910156 00010111 00010111
-108.822767 35.698205 01000110 00110100
-124.426823 43.302478 00001100 01010000
-82.886109 40.767994 10111010 11001110
-110.855914 42.887881 00111011 01001111
-74.39842 40.894208 11101010 11101100
-104.150103 39.162329 01011001 01100011
-115.236623 33.409777 00100101 00011001
-88.271373 41.060232 10101010 11001100
-83.200541 36.608965 10110111 10011111
-96.711337 34.285814 01110101 00111011
-85.120167 27.083156 10110000 10001010
-75.063618 42.70461 11101011 11101101
-83.197716 33.980713 10110101 10011011
-82.752743 27.906329 10110001 10001011
-122.441855 25.863882 00000000 00000000
-117.061115 25.916161 00100000 00001000
-119.479594 40.964471 00011010 01000110
-107.671687 42.488389 01001011 01100101
-105.759833 48.352493 01011111 01110111
-70.286364 38.496934 11111000 11101010
-123.701864 41.571565 00001011 01000101
-120.683668 34.563615 00010110 00010110
-112.856873 27.666945 00110001 00001011
-101.672948 40.190999 01101010 01101100
-111.446403 36.715166 00110111 00011111
-98.033375 43.255308 01111100 01111010
-98.500581 31.115095 01110011 00101111
-88.385927 27.431211 10100001 10001001
-87.071139 42.694049 10101011 11001101
-104.707125 47.323353 01011111 01110111
-97.804601 29.70725 01110010 00101110
-112.594431 38.497695 00111000 01001010
-76.932251 37.405732 11011000 11100010
-102.380426 45.497517 01101101 01111001
-105.447408 40.929755 01011010 01100110
-78.309807 35.230347 11010110 10110110
-90.988154 48.268216 10011111 11010111
-85.532793 35.91809 10110111 10011111
-69.456601 35.78007 11110111 10111111
-87.230368 44.91245 10101101 11011001
-109.883082 39.628058 01001001 01100001
-88.9306 41.605549 10101011 11001101
-69.434873 32.976373 11110101 10111011
-112.137629 36.286449 00110111 00011111
-107.885892 48.510823 01001111 01110101
-97.345805 42.66599 01111011 01101111
-81.35993 26.936831 11000000 10100000
-94.401152 35.754966 10000110 10010100
-104.317332 34.874143 01010110 00110110
-91.282775 33.623591 10010101 10010011
-84.984168 27.483431 10110001 10001011
-74.981349 35.658261 11100110 10111100
-117.54007 38.113791 00101000 01001000
-97.633353 47.609065 01111111 01111111
-117.488938 47.419258 00101111 01011101
-119.046964 27.368529 00010001 00000011
-72.401663 32.090669 11100100 10111000
-87.152185 26.662443 10100000 10001000
-123.728281 36.022701 00000111 00010101
-84.779618 44.572206 10111101 11011011
-71.013878 32.428673 11110100 10111010
-97.835271 29.925025 01110010 00101110
-80.350017 39.71102 11001001 11100001
-113.313096 34.477794 00110110 00011110
-110.162682 30.008837 01000010 00100100
-83.737478 47.068028 10111110 11011110
-123.746122 35.227443 00000110 00010100
-117.135647 31.350145 00100011 00001101
-70.769005 39.572875 11111001 11101011
-88.40604 33.322282 10100101 10011001
-101.320086 26.754512 01100000 00101000
-83.862758 29.860274 10110010 10001110
-68.981067 44.86119 11111101 11111011
-119.429786 41.867861 00011011 01000111
-72.923817 37.554536 11101000 11101000
-69.538319 27.312727 11110001 10101011
-82.230408 28.028354 11000001 10100001
-83.510119 25.899558 10110000 10001010
-117.076761 27.6722 00100001 00001001
-84.311641 41.810204 10111011 11001111
-108.84032 29.190568 01000010 00100100
-103.819391 27.117533 01010000 00100010
-98.503026 38.804439 01111001 01101011
-70.187154 44.622178 11111101 11111011
-119.307109 26.929347 00010000 00000010
-87.033776 39.817343 10101001 11001001
-75.575942 40.876275 11011010 11100110
-80.726319 26.259196 11000000 10100000
-69.022431 28.55599 11110001 10101011
-82.991209 31.564243 10110100 10011010
-108.036281 41.329454 01001010 01100100
-86.707961 43.040308 10101100 11011000
-77.659535 42.562881 11011011 11100111
-107.039594 48.186492 01011111 01110111
-83.326795 43.689952 10111100 11011010
-96.769094 29.050096 01110010 00101110
-105.695171 32.822914 01010100 00110010
-87.981199 30.968613 10100011 10001101
-97.585396 36.012648 01110111 00111111
-83.248587 27.524882 10110001 10001011
-73.317521 31.647088 11100100 10111000
-105.24499 30.065054 01010011 00100111
-74.558402 32.258755 11100100 10111000
-68.743043 34.03535 11110101 10111011
-107.592456 41.123435 01001010 01100100
-68.48676 28.227274 11110001 10101011
-78.095759 38.579436 11011000 11100010
-92.534867 42.739302 10011011 11000111
-92.547433 39.870355 10011001 11000011
-93.549096 37.015557 10000111 10010101
-96.889541 39.389719 01111001 01101011
-71.814331 46.952448 11111110 11111110
-84.537994 38.366962 10111000 11001010
-116.780569 26.707422 00100000 00001000
-84.89663 28.868032 10110010 10001110
-121.304944 43.030273 00011100 01010010
-121.865822 45.647805 00001101 01010001
-122.692386 34.476109 00000110 00010100
-86.611124 27.757629 10100001 10001001
-92.971072 28.970079 10010010 10000110
-87.091062 46.340008 10101110 11011100
-97.250916 40.450427 01111010 01101110
-98.541299 37.930773 01111000 01101010
-76.384318 35.644639 11010110 10110110
-101.786426 42.537397 01101011 01101101
-120.378913 32.006055 00010100 00010010
-86.695848 44.046245 10101100 11011000
-96.893957 34.606019 01110110 00111110
-69.203117 27.673309 11110001 10101011
-103.391689 37.965744 01101000 01101000
-87.242733 36.34098 10100111 10011101
-110.909399 27.809988 00110001 00001011
-109.114463 26.611393 01000000 00100000
-88.029022 34.466448 10100110 10011100
-91.937837 37.592068 10011000 11000010
-97.986301 41.571137 01111011 01101111
-91.624361 46.908009 10011110 11010110
-93.58156 43.669866 10001100 11010000
-84.016728 40.858125 10111010 11001110
-78.094319 26.140209 11010000 10100010
-83.075621 43.207764 10111100 11011010
-75.804023 41.061438 11011010 11100110
-106.444789 39.204013 01011001 01100011
-107.457727 45.462856 01001101 01110001
-117.674032 41.979867 00101011 01001101
-99.176148 29.527715 01110010 00101110
-84.297371 35.399068 10110110 10011110
-105.113955 43.949883 01011100 01110010
-94.380862 39.754962 10001001 11000001
-77.178649 26.289336 11010000 10100010
-78.975011 46.299578 11001110 11110100
-93.199917 33.20172 10000101 10010001
-110.406803 35.312487 01000110 00110100
-120.336199 39.173561 00011001 01000011
-101.62765 43.070415 01101100 01111000
-97.216844 31.862497 01110100 00111010
-104.622404 35.141589 01010110 00110110
-83.38502 26.36098 10110000 10001010
-103.246137 45.867058 01101110 01111100
-76.04317 29.116663 11010010 10100110
-107.279911 34.470049 01000110 00110100
-112.636969 27.758816 00110001 00001011
-82.291859 48.578222 11001111 11110101
-99.742781 43.343303 01111100 01111010
-73.605023 42.21899 11101011 11101101
-71.111935 46.911833 11111110 11111110
-124.217073 38.236717 00001000 01000000
-75.641361 45.794956 11011101 11110011
-104.072327 26.601282 01010000 00100010
-113.761644 32.084595 00110100 00011010
-101.390804 27.372427 01100001 00101001
-92.242296 33.699487 10010101 10010011
-69.49278 35.685966 11110110 10111110
-78.885001 41.904697 11011011 11100111
-75.158358 45.240413 11101101 11111001
-114.47223 30.23397 00100011 00001101
-75.046542 40.204456 11101010 11101100
-92.641754 27.92715 10010001 10000011
-116.7356 45.006082 00101101 01011001
-95.295393 29.137717 10000010 10000100
-79.10039 33.639845 11000101 10110001
-117.212053 35.596405 00100110 00011100
-111.003318 46.140329 00111110 01011110
-78.098717 39.399213 11011001 11100011
-102.601226 46.748915 01101110 01111100
-108.03577 31.687135 01000100 00110000
-70.953166 28.399785 11110001 10101011
-98.106577 29.965586 01110010 00101110
-107.089122 45.22998 01011101 01110011
-96.21878 28.739946 10000010 10000100
-79.933708 43.128599 11001100 11110000
-121.267909 35.117266 00010110 00010110
-122.723059 31.729876 00000100 00010000
-104.214337 44.463914 01011101 01110011
-99.268778 33.895317 01110101 00111011
-93.186415 28.480062 10000001 10000001
-119.899553 33.095606 00010101 00010011
-110.146134 48.03004 01001111 01110101
-77.745139 27.497708 11010001 10100011
-87.922059 26.279653 10100000 10001000
-80.168248 42.148194 11001011 11100101
-72.240312 39.638906 11101001 11101001
-76.892407 28.034223 11010001 10100011
-94.088687 45.442584 10001101 11010001
-111.887754 45.012644 00111101 01011011
-102.15953 37.390521 01101000 01101000
-123.269851 36.798076 00000111 00010101
-77.967028 28.683975 11010010 10100110
-84.580223 46.120227 10111110 11011110
-102.607749 39.999226 01101001 01101001
-102.934504 40.401465 01101010 01101100
-111.220086 25.870803 00110000 00001010
-104.191743 31.735149 01010100 00110010
-69.52367 30.509261 11110011 10101111
-91.917396 39.626529 10011001 11000011
-91.184253 30.675212 10010011 10000111
-88.001518 43.305696 10101100 11011000
-123.848175 37.55557 00001000 01000000
-107.700537 37.54611 01001000 01100000
-103.188502 37.859708 01101000 01101000
-99.100294 45.269124 01111101 01111011
-87.28752 39.055118 10101001 11001001
-124.663707 33.613654 00000101 00010001
-117.048093 43.638964 00101100 01011000
-118.255155 43.636365 00011100 01010010
-69.742033 43.278705 11111100 11111010
-95.391791 44.242987 10001100 11010000
-76.802547 29.407494 11010010 10100110
-111.744179 47.429768 00111111 01011111
-93.65954 38.555718 10001000 11000000
-74.304781 35.826777 11100111 10111101
-100.702251 46.491811 01101110 01111100
-107.563922 42.928019 01001011 01100101
-71.647892 31.393908 11110011 10101111
-86.342796 33.38803 10100101 10011001
-98.493857 34.888943 01110110 00111110
-103.786263 34.405243 01010110 00110110
-101.887724 26.183669 01100000 00101000
-102.364463 41.051174 01101010 01101100
-106.779742 29.559799 01010010 00100110
-96.188389 37.817836 10001000 11000000
-88.516045 31.001535 10100011 10001101
-110.54795 30.393582 01000011 00100101
-78.981555 28.724737 11000010 10100100
-82.427423 40.254228 11001010 11100100
-74.339882 38.558444 11101000 11101000