2000 2
-111.606099 47.979545
-120.069542 40.332544
-113.509914 25.847789
-83.988856 36.253806
-113.639781 27.454009
-124.081775 32.132947
-94.765169 44.501178
-120.230508 46.640046
-122.970413 29.228296
-86.299272 27.707535
-69.85983 36.728713
-89.40075 44.363514
-122.552061 30.654443
-90.608321 33.978423
-69.209226 27.3631
-94.369631 36.297588
-119.12585 39.813231
-123.385663 37.061895
-84.59555 42.770189
-100.893474 29.344094
-72.934997 42.747469
-123.717315 44.774807
-92.216745 33.947015
-84.113173 47.742174
-113.103159 33.571764
-72.781613 39.166947
-80.227943 40.415147
-92.140188 43.520302
-74.159902 39.69837
-120.211491 29.688124
-87.475464 40.297123
-83.905023 34.458171
-105.883118 32.547091
-88.561493 42.112577
-103.537167 47.504316
-78.015228 38.195464
-102.440779 35.140815
-94.880739 40.417366
-73.666012 37.139995
-100.91076 30.300363
-79.626925 39.914608
-85.437066 44.971743
-120.409387 41.150606
-98.639367 32.998188
-100.351504 36.699435
-115.340385 46.956467
-96.952429 42.033316
-113.152332 45.216639
-95.97567 41.338206
-107.30152 45.943459
-83.714926 43.287344
-111.752616 48.10887
-106.131305 25.822946
-101.366128 36.359251
-90.620405 39.934265
-123.343162 40.461276
-118.924768 35.265773
-94.988403 37.587334
-88.292006 31.671452
-79.724771 32.034769
-81.808321 42.333092
-111.091068 38.342522
-91.439124 38.196921
-78.270073 35.072766
-73.209955 38.415861
-121.326287 42.359306
-73.357921 26.017729
-70.574022 46.315903
-113.799364 47.163475
-80.916067 41.925212
-96.19736 37.247722
-88.604042 33.600525
-69.004022 41.420978
-109.864307 40.663974
-103.285495 38.53071
-121.615451 32.4851
-117.327292 46.482046
-122.588501 25.722646
-72.887838 45.521425
-124.698986 45.076757
-86.987174 33.16028
-77.050039 39.884698
-92.77951 43.258713
-109.600574 31.389882
-86.206155 47.302852
-89.606142 31.63768
-117.475249 43.275052
-104.350216 32.527823
-101.667558 34.290927
-112.330568 33.238407
-92.289121 32.554263
-83.454465 30.889501
-104.233698 40.646159
-110.688386 33.666971
-110.446995 35.347672
-85.760143 28.565228
-78.511802 40.288588
-88.880837 39.48937
-84.589116 27.930871
-86.597892 47.870951
-112.664009 30.282617
-94.986845 48.406476
-80.955738 40.056565
-95.012831 38.128248
-115.27738 32.728675
-102.291611 29.795777
-97.072755 33.202657
-123.056743 45.556523
-93.268692 38.956687
-104.873266 43.722889
-95.064489 27.958386
-121.987251 44.316029
-78.208497 39.516461
-73.454764 36.091877
-118.377433 38.389892
-115.028431 27.882871
-123.770997 29.727301
-82.066368 34.748186
-111.819791 36.683589
-68.70531 48.486558
-107.163451 46.750762
-107.265404 29.057175
-86.197521 27.82079
-81.616736 38.263387
-87.880233 30.367951
-115.450851 27.032454
-123.53132 27.6427
-99.146376 35.601092
-123.461458 30.063931
-71.677916 32.356224
-85.791553 43.485694
-75.111485 48.466919
-109.776019 42.417196
-104.242252 46.702165
-90.103658 43.888878
-70.848201 37.18455
-82.40895 34.462107
-73.633598 26.744373
-92.15832 38.851674
-76.225145 27.708506
-108.59971 34.307191
-89.749026 43.798313
-68.696715 39.683791
-110.391096 33.57042
-94.771945 30.695346
-98.301273 30.325279
-102.873716 45.094468
-92.147457 28.375145
-80.490883 48.091251
-81.086158 34.980808
-76.85995 44.419729
-79.20547 40.08148
-93.299106 39.965458
-120.256483 34.894815
-79.461084 28.908855
-121.14178 38.669172
-98.01341 41.560308
-110.403303 30.580456
-118.716233 42.930364
-76.697729 38.417189
-121.219919 36.778862
-113.315581 35.347145
-119.796087 44.252071
-86.047347 47.317679
-78.04264 35.082398
-107.065251 31.787222
-110.436253 39.591508
-95.026699 40.47212
-98.140344 41.354583
-107.375403 27.32917
-81.323112 45.695984
-107.895819 36.174398
-90.81966 35.645025
-71.653201 44.944595
-106.279905 44.291254
-95.244549 26.253976
-111.960955 37.733938
-86.866876 37.838325
-124.661613 46.140329
-118.330169 35.757078
-100.96926 43.27067
-110.925276 42.691793
-80.355951 45.682344
-119.001931 31.640191
-120.539342 48.604335
-77.268982 29.49377
-123.906926 43.989652
-115.914103 39.94447
-111.283277 37.244551
-107.120041 37.145969
-89.867237 42.872331
-92.466198 47.243962
-83.422379 37.439907
-72.794475 30.310608
-120.688671 46.499313
-93.319474 41.215189
-81.155554 29.102587
-82.609027 45.55613
-103.29212 28.683603
-96.927334 38.58484
-114.854851 26.398304
-123.394373 42.57252
-79.584548 39.352457
-119.79759 40.079503
-109.380577 45.362508
-99.402245 33.223238
-121.173702 30.094975
-111.854521 35.969402
-121.923688 43.149465
-92.69572 48.176298
-74.875253 33.921754
-87.011476 25.922444
-111.705089 46.548366
-103.626716 39.077467
-71.063211 41.570016
-89.776156 41.493224
-75.510645 43.882574
-112.504314 43.061389
-100.118168 30.792423
-83.724634 47.07316
-77.131904 47.479894
-110.948381 28.893964
-75.989766 37.28149
-76.230924 34.645849
-123.218194 34.392469
-85.211968 39.080217
-92.837155 42.485745
-86.741054 34.242727
-105.065822 43.388449
-95.980074 37.585047
-96.913237 47.247104
-73.887848 42.152315
-78.87633 42.620133
-80.422306 46.320076
-73.290807 48.415711
-75.088982 34.958452
-90.427173 41.28717
-123.142808 42.181706
-86.220832 35.455911
-71.567614 36.690566
-73.039385 38.209277
-118.631546 31.659306
-112.335481 36.503416
-75.525468 29.265309
-98.283145 42.350172
-110.32248 46.544652
-77.214965 35.901342
-78.760034 32.106822
-116.219091 38.208324
-84.602174 38.84932
-112.24358 38.937992
-86.079249 41.749479
-78.248706 33.535299
-74.08253 37.640098
-73.180509 43.407154
-105.280354 36.399758
-104.568508 46.549765
-102.726184 40.945926
-105.972052 29.37406
-93.193734 30.260034
-101.704221 29.456837
-106.277686 30.256655
-94.858851 34.764551
-124.754968 34.844003
-85.618387 31.980033
-107.759191 43.457702
-124.861735 36.984515
-100.888235 48.161402
-83.374862 27.49113
-110.147082 32.279309
-108.419904 42.026015
-103.076216 43.541546
-78.128899 40.001899
-103.497075 43.491024
-85.568003 34.553233
-76.205938 34.153434
-85.42073 43.460757
-102.198243 44.028385
-107.861304 44.748703
-102.21741 26.75383
-84.340585 34.77712
-97.470901 30.18331
-76.274632 36.424203
-97.258824 36.597114
-80.684627 33.453284
-117.481635 27.147946
-102.225356 27.992192
-116.056952 28.408523
-69.777051 37.452138
-100.555641 33.692586
-106.32129 43.889369
-70.44964 31.131156
-75.150674 41.401017
-100.076429 36.949222
-83.46724 30.290352
-73.093527 46.969902
-124.392436 30.515308
-113.448291 29.01722
-123.78738 32.638597
-123.863397 35.149089
-117.146659 44.901613
-89.85968 28.734257
-93.257075 34.530566
-87.192037 38.522976
-99.126557 45.338462
-121.018812 34.990095
-72.647392 44.813305
-109.528674 33.969015
-102.86471 34.157516
-96.900964 25.876945
-96.657313 42.802409
-117.769787 48.161086
-91.935718 28.850528
-101.387682 42.440294
-86.555748 40.474073
-85.624708 43.247908
-122.606858 37.70716
-116.0516 33.847402
-92.251332 38.839013
-111.041209 39.064762
-86.883474 32.835231
-99.032889 31.468867
-109.786694 41.924548
-69.837591 40.69498
-97.055206 44.071272
-97.561357 31.909894
-81.76654 29.803206
-95.023872 28.086985
-92.059936 34.665968
-114.085608 44.907934
-89.464624 30.450429
-114.259283 34.209041
-98.859159 26.858773
-71.597268 35.405706
-74.073347 43.32242
-83.050369 39.805706
-70.392528 36.33837
-111.811939 38.096574
-114.508513 48.518143
-96.708936 33.95055
-80.540058 33.940991
-101.00048 43.508813
-114.495383 30.331394
-79.171126 39.928757
-75.236955 37.748254
-102.535644 34.826642
-88.959525 47.389691
-80.774499 46.163255
-92.71241 31.396367
-118.658861 37.646528
-89.821489 43.498227
-68.492066 37.649725
-82.906993 37.203916
-114.909652 45.428098
-97.976908 36.566747
-101.765731 28.536915
-81.514097 48.588991
-87.914763 40.724541
-120.637113 33.067359
-87.736485 46.939125
-75.52883 34.138189
-97.689453 35.653905
-120.291436 40.564336
-89.379628 28.29447
-94.550257 27.948532
-117.894826 46.301572
-74.491956 31.883553
-117.578121 38.942541
-121.073059 37.699197
-110.604507 34.030259
-103.904584 40.409453
-114.340678 40.806652
-69.141388 29.183376
-94.90019 46.075378
-115.197627 36.974292
-90.130491 46.370833
-70.070213 44.699863
-75.397332 34.636031
-105.900036 37.06114
-113.350569 28.139734
-117.078546 42.184495
-74.809149 45.223032
-114.287444 26.378475
-121.03153 35.211758
-115.730552 48.032
-98.512295 47.141039
-69.886926 35.12967
-100.292018 37.327898
-111.784112 46.866509
-120.349565 29.793356
-94.626663 27.324266
-99.233675 37.724293
-110.711294 27.539685
-98.815421 31.464715
-102.216344 26.66444
-102.91954 42.313558
-86.368184 45.104252
-120.708344 39.858274
-69.893618 42.747788
-74.009695 35.705738
-104.125691 41.88466
-119.719275 34.428662
-113.005764 37.552062
-68.898314 35.101765
-106.982113 48.344327
-116.795589 48.457132
-119.848805 39.390118
-91.194799 30.56598
-76.935324 40.322274
-87.39363 47.54231
-107.603779 29.15963
-84.100121 47.498971
-82.881854 33.184609
-113.164315 41.233809
-112.189788 45.657409
-97.493056 30.392081
-122.446304 29.76308
-83.142696 29.63442
-79.427961 27.870075
-99.940134 43.227607
-73.661708 43.752732
-97.9991 31.256846
-109.004653 45.639241
-121.335028 34.490633
-97.128116 43.757786
-89.725345 38.428904
-82.323518 33.951463
-106.950709 39.424505
-111.80229 28.217246
-72.856802 47.875478
-104.53841 27.575405
-75.642176 32.725672
-73.373989 31.938358
-81.603396 30.403039
-84.261497 47.951001
-92.872876 41.26767
-72.693919 36.192533
-106.088 29.353307
-103.985679 45.447042
-98.469632 42.712661
-81.733122 46.869183
-69.780302 42.547354
-95.626035 30.219494
-71.575765 45.370952
-110.146855 31.29497
-70.125374 37.150261
-123.903885 43.256894
-69.398209 29.90556
-106.341601 31.378717
-93.934313 28.230633
-89.011262 28.38852
-115.371811 28.767309
-123.694212 26.009132
-123.645021 43.956827
-76.882918 47.224634
-94.92827 43.742905
-94.55483 31.255571
-83.801668 26.333176
-118.879178 47.212975
-82.750808 29.810206
-105.770242 34.314628
-98.919353 46.427366
-111.544076 27.532023
-119.656718 35.872182
-123.826033 33.010983
-120.202309 39.220207
-73.100926 44.911282
-77.776839 42.562276
-89.764315 32.390004
-72.241285 41.851143
-97.031778 46.329232
-88.597704 26.6946
-118.941618 33.369309
-83.783856 34.554713
-115.618752 32.404397
-116.297414 26.252353
-103.764463 31.569744
-79.642609 33.953232
-96.543343 28.093223
-90.900767 28.822634
-83.340202 34.060053
-99.157342 32.276271
-91.976141 27.889707
-120.107014 38.504628
-124.463309 28.91153
-95.511371 32.023172
-94.569475 33.213423
-70.866764 37.645466
-96.129156 28.759953
-111.614553 37.078159
-117.228306 38.402503
-100.884423 47.370991
-124.746974 42.918276
-75.791382 36.282766
-114.906076 37.819376
-92.981683 37.407844
-104.64566 31.805595
-88.998611 41.873185
-80.292188 39.023446
-98.579673 39.595738
-124.541605 34.22825
-79.692514 31.117826
-97.786138 43.298691
-95.982733 45.862828
-94.247371 43.244289
-119.797471 34.861316
-86.152418 40.987022
-103.962028 37.570632
-83.743641 45.157021
-73.499222 36.512167
-78.905203 35.362326
-94.377444 42.535472
-70.89254 34.299828
-117.170507 40.43797
-107.670733 47.068612
-124.291992 33.684066
-84.496828 47.799158
-81.291857 44.057125
-123.587308 30.350856
-73.723434 44.851033
-70.30263 43.07243
-69.641759 46.158375
-104.331872 42.932095
-84.1404 40.276979
-103.953721 29.824977
-88.072505 37.184898
-77.775278 38.744174
-113.598734 27.85471
-110.356883 39.590215
-123.679205 41.248398
-96.547112 41.037952
-88.209601 45.68695
-79.479165 25.902557
-105.415399 48.338223
-88.959902 34.258262
-69.468516 32.174219
-102.416158 29.04923
-108.82236 30.36264
-122.777209 38.659132
-87.293885 40.136956
-105.121919 38.125684
-116.426943 27.765429
-119.271571 45.626126
-111.461602 29.612979
-119.315092 40.874008
-82.828046 29.857871
-105.784306 32.943906
-68.521294 28.289472
-74.641835 47.24952
-112.039657 39.437274
-111.333667 34.487256
-121.191321 40.335199
-101.840102 47.476386
-120.826588 36.62184
-92.96294 34.970652
-122.307266 42.912376
-109.78635 46.629262
-76.922019 41.932257
-76.178618 32.529665
-121.915148 36.574505
-108.916978 46.099253
-105.276013 34.152479
-76.377442 30.48226
-120.49222 42.021193
-98.62513 36.499726
-108.729137 33.950666
-94.162 29.028086
-111.059747 46.429698
-108.427406 37.517525
-89.55576 37.412894
-112.150366 47.467409
-84.356173 37.020304
-107.127446 36.83036
-104.4854 40.52639
-92.462764 47.466215
-83.735808 27.135418
-102.584938 31.614559
-95.928448 45.905628
-86.326191 37.083321
-99.701538 47.073031
-73.689258 44.908236
-75.105079 41.959017
-97.58969 28.725824
-116.136894 47.710576
-122.478092 31.828625
-118.806925 32.830819
-101.549397 38.192649
-93.613648 31.971666
-68.705013 30.339678
-97.351187 45.114513
-118.997405 39.92834
-80.572977 40.266896
-121.627623 48.08995
-71.336186 35.023306
-124.196486 44.874457
-112.951637 30.433551
-123.178289 42.933102
-86.957557 43.070074
-107.537588 47.393981
-77.906597 38.898159
-123.847918 32.816025
-78.335339 46.574026
-120.99552 35.696586
-89.107985 47.368859
-87.784 32.282125
-71.878342 28.295281
-78.728541 36.967908
-112.064929 39.09326
-117.571169 30.778778
-89.525715 44.994623
-88.856246 32.039377
-96.98138 43.38541
-82.842705 40.266199
-102.31253 46.538234
-80.485208 30.283914
-120.695097 40.546702
-80.223667 35.422829
-93.371349 48.082185
-103.268222 35.532618
-121.000622 40.976983
-104.560644 32.211643
-108.575626 31.649555
-123.592258 33.665024
-103.509726 38.005844
-105.902478 37.699964
-103.553638 36.471428
-100.283293 44.971873
-81.449704 45.993491
-112.079598 39.415699
-116.938576 40.209117
-122.454343 31.015431
-75.720021 29.156969
-86.062021 47.133695
-94.730252 42.019747
-111.726998 37.232215
-124.410395 40.032559
-94.569988 28.086528
-87.428725 40.433744
-105.903081 45.917762
-69.192975 45.382568
-76.733731 31.36591
-106.677493 41.760905
-74.368075 32.147816
-89.112223 29.485528
-112.840028 41.062501
-95.00613 46.511515
-94.708971 28.243137
-106.825725 33.198797
-94.503634 47.771078
-99.179008 37.970473
-74.187603 45.477719
-108.663971 27.859694
-69.388888 38.849098
-89.810649 39.975548
-103.673467 38.418054
-118.07914 40.135577
-106.878948 42.489192
-88.053322 44.476485
-118.177568 38.440863
-97.681657 37.507498
-78.657693 43.763706
-99.390075 44.303643
-89.440277 36.725529
-89.055732 38.996682
-119.54346 38.392943
-116.383709 26.682243
-96.714655 46.958416
-111.086523 33.723735
-87.730178 48.182771
-80.305329 35.549758
-103.805393 37.91916
-103.770693 39.51385
-79.055448 38.030319
-110.253272 32.277101
-76.016433 36.30257
-91.671462 28.826859
-100.326425 26.517738
-83.927284 43.708299
-105.772845 41.896015
-88.91153 39.554594
-87.775038 29.981926
-106.928568 43.259795
-83.858152 43.307605
-113.428376 46.90469
-78.832318 28.756578
-85.31815 47.219507
-116.62654 29.806208
-79.010052 39.938467
-111.886361 33.399657
-84.112373 27.443244
-122.344463 48.473892
-119.324518 29.413661
-113.124678 40.530363
-111.712623 26.802316
-86.366984 45.070492
-106.837461 31.068434
-103.792272 29.352891
-76.304649 30.170812
-108.602681 36.75217
-119.023329 42.12504
-72.431641 35.471718
-104.389902 45.186812
-70.885118 39.958304
-111.45546 26.122071
-87.639027 46.825034
-118.185578 37.862885
-109.299835 45.385728
-99.93236 34.086421
-93.071719 31.163867
-122.15235 41.294943
-116.521428 47.01071
-72.410308 37.523859
-82.171284 33.764244
-106.772583 39.878424
-88.760527 25.901607
-79.385385 35.934271
-71.233754 34.633967
-122.106229 43.874736
-83.490508 45.855271
-111.616769 36.987162
-117.159572 45.195033
-112.743768 31.795727
-74.27622 42.207763
-89.029675 36.740468
-107.928359 44.736394
-124.055972 45.206649
-78.291738 27.270354
-120.532971 37.040216
-76.103628 45.718406
-72.404796 30.550107
-99.879933 46.13263
-94.734728 47.71085
-103.572432 31.835855
-79.105604 44.635752
-113.521104 27.034408
-97.441937 47.190111
-102.543363 30.687993
-98.176337 39.784278
-124.692238 39.49866
-124.183014 39.848772
-81.445295 27.679813
-107.281834 42.361483
-89.695634 45.663059
-101.554844 31.153692
-85.807146 27.553741
-84.384608 47.334552
-107.794804 36.347072
-124.369439 45.679375
-88.363986 27.647777
-113.479131 45.308647
-104.175531 28.55804
-74.871986 43.268621
-123.804085 26.993606
-100.926638 27.664768
-124.44412 48.650713
-75.864558 31.749838
-91.541314 33.518507
-97.42728 37.792176
-115.940122 40.893131
-108.180385 38.817346
-110.797971 37.021039
-110.095838 42.656466
-111.294462 25.974624
-84.164004 27.252893
-106.644249 42.311149
-82.083543 36.226255
-74.978831 42.240306
-72.052792 30.248766
-93.075038 45.524832
-74.648675 34.549502
-115.921368 29.848142
-97.698075 35.091164
-98.735218 45.17748
-98.868876 31.280313
-82.741693 26.957456
-123.106835 26.603425
-78.131608 27.002195
-96.074186 36.137803
-100.626274 33.494993
-76.500122 38.448837
-89.209584 37.152834
-88.030146 40.100955
-79.345477 38.709356
-72.509219 26.138541
-119.611489 43.105492
-94.680766 35.967529
-90.915408 29.673716
-119.610731 31.176698
-95.310062 44.315974
-124.248428 37.546187
-123.847512 32.651646
-117.462362 39.271805
-71.103927 32.950385
-113.730773 28.390776
-86.525679 32.526435
-101.743863 29.010114
-80.636844 42.826221
-118.290609 46.477918
-112.397359 46.936494
-101.97608 32.822535
-85.726469 43.414343
-108.351455 26.035203
-100.899795 47.462858
-110.153422 47.35292
-80.922553 40.551975
-112.309063 29.71987
-85.47658 48.344277
-118.954999 36.833004
-94.32859 47.443213
-103.357019 47.700374
-114.875418 42.907582
-71.951467 37.10292
-89.203683 46.448949
-121.490938 36.007656
-110.533696 40.039177
-100.993893 40.784644
-103.323967 43.167899
-118.398726 31.521989
-112.394854 32.393736
-117.511061 28.415858
-119.352092 26.121436
-101.97343 47.286592
-70.542326 37.446153
-108.235475 46.831186
-82.675605 29.778869
-93.691903 42.461729
-68.898271 36.667155
-98.504355 25.953529
-116.996392 39.625756
-101.40273 37.110951
-71.052264 29.346346
-120.9578 33.202689
-124.766785 36.118188
-92.017797 46.326149
-88.50632 45.76952
-117.502166 31.852115
-108.49743 28.253007
-68.376866 43.547163
-69.998841 47.030747
-111.365939 46.0925
-69.172857 39.129909
-76.369335 44.331622
-79.565545 37.899292
-119.793586 27.091051
-115.510734 32.104897
-84.634838 42.755377
-93.726213 33.649922
-79.536162 46.841851
-94.749121 28.526194
-76.627108 35.670298
-98.542291 48.67964
-93.058636 46.305434
-84.303187 41.035952
-71.741456 35.377336
-124.579552 38.5881
-120.502568 42.839558
-87.379783 43.324628
-72.934021 39.310212
-100.952533 37.52676
-85.827415 27.412242
-121.440303 42.553526
-104.022318 28.536506
-89.641975 27.010941
-122.536213 48.553822
-105.485482 34.625606
-97.861667 44.472994
-87.81643 38.619384
-90.491157 41.994198
-124.736418 32.0328
-124.803829 38.443756
-83.048518 47.63761
-97.486535 26.09587
-119.526455 34.952217
-83.132559 40.624591
-93.809713 33.057465
-105.474822 47.998422
-91.562789 31.995873
-112.814556 37.607656
-91.178105 37.401091
-92.34916 29.370189
-74.126323 40.591488
-94.48826 30.878654
-71.720894 41.196213
-111.043337 34.857565
-108.50773 35.122109
-90.089966 29.069589
-117.239286 40.503511
-88.642733 46.544112
-118.717489 29.83246
-112.575463 30.337956
-109.865013 44.02425
-75.255401 35.666768
-87.610085 44.078099
-84.357025 45.323524
-116.047644 40.132726
-112.231351 29.055384
-102.675356 40.382337
-88.338231 33.671203
-103.183077 37.320522
-92.429044 38.090976
-92.620426 42.43672
-88.126629 36.11831
-97.822264 31.036923
-82.894195 26.849718
-76.901348 28.247643
-81.674415 33.848298
-78.761409 45.681045
-119.746867 38.156794
-103.637531 35.317462
-99.170979 28.556991
-123.092424 48.065825
-107.368548 33.692294
-77.139692 40.08706
-108.168246 41.875272
-98.404323 44.103166
-121.849914 27.410304
-91.873983 28.473679
-86.518134 29.819458
-123.051093 32.325216
-94.281832 47.999872
-110.305688 42.305174
-96.944349 40.141933
-118.31211 39.177707
-117.347479 31.255811
-73.580656 27.032016
-108.1378 44.437514
-88.128664 42.54496
-102.183606 33.435162
-118.977982 42.262257
-122.143512 37.445746
-115.167751 39.354325
-116.409507 46.383849
-81.004126 25.978112
-113.157312 32.495636
-78.03387 38.640249
-100.997414 43.517036
-81.249126 40.120877
-94.191752 31.965786
-94.600871 39.991214
-94.254865 29.559569
-87.29884 39.137705
-79.272711 31.376505
-114.94574 32.200915
-77.013814 45.178216
-105.985066 44.715962
-120.440421 38.764875
-93.23663 39.789141
-74.600284 26.872951
-77.96255 35.378745
-103.092022 26.231478
-120.588255 26.140077
-95.624318 38.600182
-86.400693 48.016069
-70.462911 45.520679
-101.591334 42.040141
-99.991202 32.938055
-107.621153 47.00597
-103.597033 32.988179
-100.368472 44.365382
-91.642633 42.713117
-102.073387 42.252465
-93.274113 41.578481
-103.920639 45.805475
-78.181143 48.160485
-110.240584 31.938932
-86.531967 36.502311
-84.42388 29.751074
-105.089081 26.848273
-85.224265 31.710702
-84.069814 41.453343
-77.383937 37.880126
-102.163138 26.928755
-122.274206 41.779542
-92.216929 29.443526
-113.657895 37.613372
-81.398662 35.568308
-82.886038 42.863594
-102.446655 29.652048
-118.331448 48.085337
-72.744881 35.538704
-92.536163 36.167034
-123.708622 35.715569
-91.902531 32.0666
-95.425588 47.349886
-111.876797 27.413357
-107.5919 35.077163
-113.586746 37.553388
-98.552174 48.542789
-79.806076 44.836433
-111.686007 30.924355
-103.580459 45.538731
-89.905329 32.366394
-117.516345 40.939527
-78.523828 43.661303
-115.009863 38.593068
-77.861537 35.409598
-96.853742 29.263813
-71.486465 45.682662
-84.125625 43.279926
-72.645202 37.17971
-80.08177 28.936537
-101.745681 37.891627
-71.13019 28.665379
-78.643457 30.349252
-90.595909 41.945951
-84.179317 31.188949
-93.420601 34.920428
-117.799031 38.009586
-72.454192 27.89684
-107.72397 44.153426
-102.433725 37.455659
-119.312894 44.69846
-81.157305 46.683048
-115.605311 37.032828
-107.809239 39.075244
-68.419516 45.056576
-114.857635 32.825735
-112.02653 28.62281
-115.59082 26.998568
-89.287472 31.563226
-72.266934 32.368303
-69.352422 39.471623
-99.85317 41.06349
-68.505339 27.266252
-111.231554 28.738404
-104.842758 39.479689
-84.705928 32.356733
-81.513868 26.276857
-123.653865 47.816846
-115.895959 27.557448
-85.47422 43.611402
-95.47393 36.642202
-81.030044 46.250729
-76.829368 34.182578
-106.168757 45.382593
-93.201381 40.675059
-112.975375 43.587773
-80.808192 41.406202
-86.969025 40.501483
-102.366533 44.068612
-93.708208 38.205884
-89.087601 30.769498
-111.919534 48.666513
-74.407917 29.997311
-115.630052 32.706483
-113.318389 46.408641
-116.028733 47.492951
-100.991423 38.030698
-91.389304 46.173717
-111.131716 33.411896
-73.970497 38.247687
-101.399583 27.258681
-109.306436 31.28177
-88.057236 38.283404
-96.9507 31.961327
-69.049208 47.503836
-110.649328 28.805628
-72.343082 38.109695
-103.906672 40.202377
-97.962814 40.321964
-73.11676 26.761033
-102.76347 44.549858
-88.869547 47.863136
-116.122238 31.674177
-98.434042 39.104309
-105.464215 39.655164
-119.933175 40.083727
-98.463917 47.707397
-122.046191 43.54347
-119.073829 38.302912
-76.308564 38.455814
-84.087315 44.311686
-87.739589 42.193334
-97.555798 35.648346
-98.257193 48.550026
-107.942881 44.416813
-76.903207 36.852271
-118.695588 38.593086
-111.369655 38.338068
-120.509896 29.703732
-69.568676 26.189816
-83.437401 29.08942
-100.282318 26.904078
-71.946767 25.879421
-119.758095 40.632637
-95.555256 34.276274
-105.16218 41.989228
-70.507723 36.987866
-72.098933 30.841306
-115.945344 36.816107
-101.924776 45.190604
-115.065663 33.576867
-95.594946 36.212764
-95.947759 40.092643
-80.088304 29.179749
-102.92311 37.511151
-94.868739 45.921617
-100.951039 47.884591
-90.001692 40.527357
-117.607688 47.086312
-100.642742 47.892332
-108.369313 48.178338
-95.68703 46.127591
-104.998548 28.686205
-97.623829 35.74297
-70.933494 42.530523
-84.108909 42.188444
-119.447327 41.350701
-116.206626 35.564082
-99.956446 34.459434
-121.966133 40.281044
-119.897915 33.930593
-116.120799 30.293746
-111.576856 27.293966
-124.447659 35.864016
-82.795164 28.371143
-111.591239 33.106117
-86.112576 47.295667
-120.001563 48.211242
-68.75267 27.492732
-110.243669 45.487672
-103.89339 47.634832
-82.113322 46.480153
-78.432484 46.083621
-101.199917 45.223578
-105.753754 43.951809
-122.643934 32.506433
-97.695489 48.417944
-97.819236 37.197584
-109.407916 30.254207
-96.389076 36.962375
-78.044761 39.95418
-79.534049 48.108847
-73.653138 42.077338
-94.022043 47.548966
-102.85401 38.586246
-94.589193 30.57733
-117.635279 48.144322
-108.887616 30.045838
-105.904179 47.984857
-83.259862 31.558209
-89.800542 33.549942
-124.766533 41.552416
-85.060396 48.093198
-102.431488 43.590281
-68.285066 45.120184
-119.766022 39.030237
-74.03221 25.939069
-105.971229 25.925626
-73.580454 32.611955
-90.757721 32.166764
-85.34512 32.800029
-90.779712 26.645711
-84.298818 37.814886
-116.946575 42.301711
-82.391746 33.584132
-86.51638 40.066167
-123.367149 38.731446
-96.404178 43.42675
-79.498198 36.634363
-71.836059 45.986971
-101.891266 27.14318
-86.694858 35.449799
-83.748984 38.361918
-121.007916 25.930531
-101.448224 44.92396
-122.771376 47.479713
-82.633857 40.894673
-73.029711 48.357994
-107.173345 28.489892
-103.565344 39.754795
-119.245394 45.799949
-72.306657 37.156305
-99.569694 44.247419
-116.668825 45.418122
-77.958374 31.946716
-79.016769 43.31752
-80.630301 38.382421
-87.383545 43.446619
-109.218137 31.296266
-113.768758 42.650415
-86.918253 38.86693
-101.289945 36.781526
-105.575249 40.46587
-114.565683 29.242184
-94.949193 36.798485
-102.555945 41.645187
-94.015994 26.543398
-107.574121 33.409228
-84.540546 38.858185
-101.244271 46.509279
-97.22805 25.975874
-116.13343 28.487037
-91.95993 38.119933
-79.892091 48.014943
-107.444869 30.476338
-118.509044 32.880762
-101.894911 43.660795
-113.462186 39.306467
-104.108363 37.475652
-74.769687 28.645469
-95.477397 25.719897
-90.924561 25.821191
-96.500354 40.582932
-105.018082 40.390033
-75.859256 27.806406
-114.9075 39.514416
-79.138378 30.033141
-69.854874 46.067081
-74.515554 47.357979
-83.210576 36.380168
-117.09878 46.742349
-97.919445 34.774358
-94.967914 27.201417
-83.883551 45.255097
-115.550006 32.301659
-82.022115 28.177774
-72.164115 42.206883
-121.702812 35.748146
-115.788063 42.236958
-68.873854 33.293463
-102.12378 37.483721
-110.76634 43.455429
-105.07438 33.352364
-82.050072 28.982934
-69.29319 32.732126
-72.972532 42.600754
-121.436984 43.413289
-91.516452 45.826596
-122.642028 38.955638
-93.860753 47.596981
-85.455653 42.585235
-85.980976 41.221798
-113.478329 34.02593
-88.665924 27.750134
-71.986012 46.298158
-82.239866 45.760729
-69.374819 31.893215
-86.691993 39.837794
-99.106007 47.159072
-78.963622 45.893124
-97.413179 26.682277
-117.492014 30.028783
-71.958901 37.984882
-91.430084 38.775137
-86.875085 40.687138
-84.943546 26.486484
-68.532326 33.56833
-92.362848 41.63796
-85.094261 46.422752
-113.416323 44.239235
-107.722493 48.522576
-120.849927 40.821042
-118.456781 28.042348
-121.258093 31.048396
-123.416548 39.000346
-81.940752 28.944993
-88.955451 35.95164
-103.238463 36.588456
-101.092114 28.047306
-70.079758 35.016221
-82.600498 33.738539
-106.998641 38.572437
-102.118704 43.053853
-89.746875 44.740435
-111.338521 29.092246
-111.563902 35.294575
-92.353446 28.759635
-117.781479 28.858665
-106.645327 31.248637
-91.090539 48.594526
-105.753472 44.470051
-82.828137 27.07638
-117.560824 48.519038
-96.826718 43.059387
-103.227051 28.557318
-74.840075 40.286098
-81.761746 34.939715
-120.347171 32.18396
-120.124514 30.088654
-92.892664 30.438864
-103.08051 45.9445
-94.469275 29.19969
-121.73235 48.208477
-81.004113 30.616988
-109.600513 31.551174
-116.705499 30.78635
-102.577853 31.370183
-78.337695 31.576417
-120.116107 35.596093
-70.049697 35.2655
-70.770485 48.183993
-78.403327 37.859095
-114.133794 27.481546
-116.049175 43.0594
-105.524916 33.123829
-104.476342 41.621924
-114.92757 26.262958
-102.873917 43.212778
-117.484737 38.812146
-122.271406 34.549639
-104.185299 26.771825
-123.77044 40.763651
-107.433775 33.150661
-121.876399 28.572425
-92.001564 29.086981
-91.629901 41.947226
-81.541743 39.184244
-122.52705 27.776974
-124.249165 36.065146
-73.245522 47.039114
-113.517852 28.926865
-80.142961 32.8235
-88.456044 33.512491
-83.710415 44.675234
-82.253685 31.33964
-86.062809 28.916337
-105.62189 37.76996
-76.254533 32.375243
-112.02243 34.785227
-81.548857 37.249807
-107.014831 33.317668
-108.408685 44.948506
-79.008535 39.030438
-104.280716 31.711846
-98.715826 39.191899
-121.449313 32.505976
-80.446175 32.058807
-94.970946 31.955329
-85.154423 29.598073
-77.984913 42.856179
-77.036469 29.66427
-108.64684 28.225772
-108.099988 35.493013
-117.384971 48.285752
-108.687647 36.042711
-94.811233 30.436465
-77.073116 35.198477
-80.05682 25.882477
-96.248359 32.889309
-82.072596 29.006517
-96.034827 28.699736
-87.104476 28.409747
-69.370491 32.92789
-117.061439 29.351478
-75.198742 41.919519
-68.845815 47.369111
-118.708092 48.080646
-98.009002 36.598602
-83.531434 43.986727
-80.72079 34.847377
-119.210998 27.9898
-106.71139 47.657159
-72.375935 32.42232
-99.414242 45.907372
-102.953202 30.823743
-110.978208 42.114566
-94.01956 44.264852
-94.075516 30.448377
-75.011692 38.583558
-95.737254 42.054673
-102.742492 32.613759
-84.125878 42.470694
-82.629869 47.496432
-87.302233 28.448253
-123.349427 40.347388
-97.60692 43.25748
-108.419559 32.035324
-104.780368 29.756991
-98.352252 45.242396
-73.968219 48.507231
-69.764706 26.641251
-88.459932 38.363983
-79.307422 33.558873
-95.614252 43.628561
-95.54787 43.970047
-109.65695 43.239088
-120.236344 32.768559
-72.268123 34.668602
-91.43266 34.662741
-75.149855 26.877229
-72.466361 30.63374
-121.95552 47.481143
-93.899585 29.235262
-116.695413 29.761002
-93.475493 31.431689
-72.146038 39.944376
-108.442851 33.640688
-91.567428 27.062097
-124.269409 31.933024
-120.665013 45.954008
-103.373575 37.008026
-93.754395 43.90421
-86.064845 47.736078
-89.323917 47.299192
-116.502265 37.308531
-116.884492 38.59583
-98.659114 37.574736
-98.617331 33.605716
-83.92405 44.022358
-112.211472 30.449039
-119.647067 37.500439
-117.548531 38.658246
-93.580988 47.94721
-101.942679 41.836378
-83.425607 29.933116
-74.233399 45.522189
-112.917127 26.018895
-78.883672 39.705161
-70.805571 43.651709
-89.538547 27.618837
-122.238253 35.57669
-72.435835 40.61484
-74.927633 34.529276
-124.457074 27.551119
-98.288559 26.313374
-120.654428 46.28364
-94.262434 46.358455
-82.010385 34.803665
-95.93851 42.803931
-109.108264 42.667259
-69.641462 45.487688
-82.297162 35.77802
-90.821496 32.064831
-123.487044 41.141792
-117.416267 26.643557
-83.607727 45.426652
-102.200283 45.013379
-114.543364 30.197552
-123.676089 43.920244
-121.043325 26.679794
-73.959902 25.865572
-82.8865 38.790144
-111.037114 38.264628
-101.978035 40.326254
-70.924749 28.276435
-110.949269 47.718412
-97.039734 44.722361
-107.786751 44.176037
-76.380792 34.71917
-78.782915 37.796543
-110.044443 42.45179
-70.317939 36.668536
-92.040079 41.00522
-101.23503 34.702689
-87.064867 44.095916
-122.628988 30.557816
-80.028075 27.186213
-88.629698 47.377502
-76.120153 46.841321
-74.936344 34.323431
-75.706633 27.060144
-96.286982 47.034424
-107.50181 44.476574
-111.107999 33.057953
-87.741541 43.547934
-121.353617 45.93107
-75.950284 39.030931
-109.462601 45.309558
-74.320905 34.769719
-104.822348 46.862037
-102.58635 40.665672
-75.746232 44.527961
-77.878298 30.749739
-121.866333 41.728216
-102.763839 37.872849
-75.344331 44.88409
-81.060232 46.78823
-94.442548 31.182052
-69.465103 40.475765
-104.321014 31.763336
-68.563244 31.13862
-100.475228 44.190104
-99.860575 40.065123
-111.54328 33.158428
-86.517793 36.735099
-88.155324 34.802822
-104.811557 38.14615
-84.29571 44.609313
-103.864044 47.44646
-78.400044 35.570541
-108.083333 35.847307
-77.014779 34.330787
-85.450947 37.354685
-93.69487 31.466598
-120.717179 48.293619
-70.675878 29.072588
-73.233933 37.781668
-105.63741 38.605617
-105.448164 43.641706
-108.339411 27.164903
-107.707725 33.64873
-114.807251 38.3002
-92.767884 38.257085
-109.65146 30.062676
-110.397619 40.71889
-83.876738 36.873651
-111.77377 27.340957
-85.613895 35.794457
-106.851488 28.504107
-83.327236 45.384163
-104.300626 38.882074
-117.397224 27.97073
-96.353581 45.816103
-75.200385 38.678983
-98.224105 48.071605
-70.46671 41.406234
-91.841795 36.841133
-102.710773 41.154464
-115.870601 30.410677
-116.260076 37.28253
-116.344201 34.608077
-121.786848 29.717372
-76.509944 43.233649
-86.993852 47.2501
-80.597043 45.699712
-77.765745 42.56132
-110.593862 32.832935
-97.634181 44.509658
-84.173719 48.598638
-115.852956 47.909603
-105.759002 32.575742
-92.606555 37.92651
-119.299965 29.364743
-111.723825 44.652228
-119.905009 31.821412
-68.447021 34.617851
-72.432206 31.662956
-75.125062 45.263359
-110.71079 40.737564
-122.651494 39.060373
-87.768459 45.462662
-94.510141 39.696832
-72.910034 43.265703
-88.245731 39.28349
-99.693909 26.961573
-89.602758 34.313831
-69.928043 42.147474
-69.125283 29.797391
-72.441278 30.229769
-118.048061 32.00617
-77.550126 27.926321
-89.723313 31.19796
-92.5659 27.847377
-96.809349 34.693113
-99.788895 33.169313
-124.421146 40.570937
-93.421172 42.463484
-114.156426 26.283096
-86.277957 39.622396
-110.356349 45.680867
-103.726654 28.411063
-81.363896 30.244218
-115.670556 43.514907
-76.957104 39.265564
-108.621988 34.544053
-96.182042 41.995683
-92.150586 31.338017
-77.107905 43.716453
-117.160432 44.047105
-91.985583 37.984408
-95.956264 42.506127
-102.688691 41.593695
-71.940924 26.377112
-107.409455 28.241931
-119.333817 35.737821
-83.160484 46.98418
-116.014265 38.960339
-77.478028 28.432895
-92.587925 46.074621
-79.080614 37.326189
-91.221358 47.779252
-97.115922 41.702989
-106.84474 41.108168
-100.537008 47.512467
-112.175459 47.837543
-95.079244 39.80068
-79.916318 47.006913
-93.839762 41.854097
-95.035449 47.519248
-100.786075 45.310864
-109.802245 38.021451
-95.874097 27.274981
-105.511724 26.615601
-72.042614 30.30604
-115.642598 39.866806
-108.863808 37.003094
-101.12927 41.882562
-124.671893 46.274788
-96.329967 28.640652
-87.492761 38.2885
-96.362636 29.676062
-98.325374 29.335754
-84.920709 27.266667
-121.63653 30.180186
-71.06885 46.30479
-82.913136 34.46068
-75.674708 26.031671
-120.552175 46.835562
-90.925178 30.175353
-119.956731 28.347112
-95.701546 37.726431
-114.595362 30.230338
-76.037844 28.485532
-121.283664 37.779379
-90.379301 30.652098
-122.92251 32.184016
-81.625133 38.267373
-95.860274 45.891555
-88.903819 30.306517
-87.624941 42.743402
-69.618477 35.253759
-119.312393 42.712723
-100.58827 45.840101
-99.652051 31.941312
-83.613975 29.1793
-81.989935 25.877311
-99.384486 26.358895
-115.088077 32.498975
-77.40464 30.987657
-91.514393 39.206224
-114.007486 39.074403
-90.976224 38.660993
-124.584914 25.791919
-88.680474 37.90804
-99.185745 33.477097
-71.661989 36.187274
-70.9794 47.79006
-81.385147 41.425892
-108.506569 37.168273
-97.049264 48.564651
-70.951994 42.93685
-108.951572 36.82635
-94.948005 44.562483
-72.067368 40.017493
-81.411311 35.912428
-108.618528 33.502528
-72.585894 43.946164
-101.830843 40.657562
-121.465719 42.810438
-78.768321 29.316925
-118.450497 33.134495
-108.683217 46.544802
-74.496274 26.113868
-93.272795 47.808012
-78.588933 25.992861
-88.015129 37.791264
-68.447647 33.675956
-82.099039 31.037371
-74.684232 32.550678
-73.631928 25.725162
-114.599957 26.904328
-119.249435 37.752259
-119.594679 34.041491
-90.536429 39.436671
-110.375225 36.294602
-80.683602 30.435309
-76.897603 47.983387
-92.596383 48.18988
-84.633011 27.165347
-83.528112 39.779996
-105.960484 27.952502
-95.640721 35.147918
-99.125597 38.771564
-75.640368 43.328339
-72.744388 38.128998
-121.301863 31.585204
-83.30126 43.939838
-84.001155 45.362963
-120.342095 35.63388
-87.751708 37.790534
-90.507821 43.275359
-122.321821 26.47538
-98.459135 48.572717
-118.594545 29.66509
-116.27718 46.071196
-111.261218 43.210512
-110.287511 41.573903
-79.420123 35.408738
-71.870833 38.18208
-115.068439 44.321405
-106.68668 33.176277
-114.941463 47.052399
-117.536649 26.55935
-85.892289 31.51193
-107.710061 40.08515
-115.291615 41.998553
-122.351452 33.558905
-93.342153 32.184819
-110.603583 31.166278
-103.613661 45.192792
-77.782225 42.828687
-80.090172 35.474218
-69.439148 27.948802
-113.681323 42.693048
-96.42345 27.994675
-108.607849 43.941073
-71.047857 41.038932
-120.454769 29.762054
-99.323249 26.874666
-95.498675 33.337092
-116.860785 38.481759
-74.378909 48.082575
-114.611396 33.206494
-92.151044 40.337122
-71.199047 40.73661
-71.604726 46.617937
-69.435838 45.887942
-113.368683 44.35128
-70.750654 26.171767
-91.781253 41.690922
-74.749232 35.915553
-93.271396 48.56341
-120.626861 35.025086
-99.571662 33.984208
-101.644317 45.802008
-100.219628 40.708791
-106.389182 36.979264
-107.689465 46.815624
-118.533232 34.906513
-111.166517 36.352604
-104.951047 39.71377
-113.141857 35.595736
-106.875938 45.497812
-90.823359 40.279676
-94.99012 48.491881
-116.339917 39.326444
-68.653608 44.249032
-88.041452 44.097125
-100.211728 32.957806
-92.203084 44.854543
-68.421218 32.333665
-116.588105 30.658597
-107.418026 41.36953
-105.119959 35.998725
-82.547626 28.314996
-107.440548 44.593962
-68.325331 47.448224
-104.264478 42.152598
-90.13648 32.862333
-72.863158 46.919555
-70.716999 42.312977
-75.646017 27.548683
-113.567743 38.587751
-91.864619 39.452634
-86.605111 31.74051
-87.281905 35.224382
-122.157006 34.362896
-113.92419 42.096705
-119.546222 45.326864
-79.540667 28.520448
-114.314305 46.996102
-90.747479 34.05558
-99.422054 33.545513
-118.43344 32.988817
-103.22129 35.797706
-112.693506 45.070396
-114.134272 45.381636
-75.897977 39.531139
-72.793907 32.904004
-84.96272 44.059895
-90.290624 46.098414
-119.777785 26.907436
-112.581559 30.16127
-104.026399 26.654042
-121.542258 33.818434
-82.462118 44.713768
-89.890301 36.711028
-87.641515 39.493548
-86.945988 35.973511
-88.332257 36.657639
-110.326087 47.521371
-107.120952 25.98789
-77.153229 40.291378
-116.215249 35.115826
-69.8985 36.586041
-118.358282 36.861935
-77.014923 33.273686
-112.796483 29.984049
-75.962196 26.263117
-85.607532 38.432977
-111.884671 36.13515
-84.106413 31.583326
-109.890049 38.926896
-122.980249 27.095582
-124.128073 33.041452
-104.183494 37.690666
-95.786077 43.824701
-110.539244 44.790572
-73.33477 48.116178
-110.096034 40.461227
-112.582716 43.81703
-123.722482 30.152535
-111.189816 36.750496
-115.649489 32.443747
-105.212172 42.739367
-98.169562 39.087346
-94.25135 33.291447
-72.577722 41.979264
-76.374633 34.878675
-77.417272 44.503968
-108.138128 40.151546
-75.107823 41.658116
-110.06073 31.202408
-121.618197 32.763067
-85.6482 36.214033
-111.824476 48.022563
-68.305749 33.811296
-94.431462 33.006521
-83.426012 32.167601
-117.211752 28.680685
-111.886678 43.287691
-74.024296 41.811079
-92.855865 29.899372
-117.437456 42.021438
-116.732897 35.938779
-71.749809 46.466086
-98.053788 29.334685
-83.597006 47.000038
-80.258807 45.540943
-106.778844 46.193736
-99.316346 42.189061
-96.941411 32.91131
-76.558738 39.334769
-100.142661 40.641899
-69.275884 38.202372
-85.453422 29.415075
-74.353478 28.361286
-82.746965 31.451543
-112.732623 26.353118
-86.390834 47.382513
-71.692923 41.276621
-104.648892 27.808741
-101.314475 27.617188
-103.029557 26.996982
-92.688335 43.938986
-118.957954 44.401225
-108.861035 43.111355
-117.460908 28.207065
-124.316927 42.316545
-106.591756 38.22846
-102.311557 44.496211
-91.64868 41.555203
-121.252278 27.172429
-90.781686 39.765308
-73.270277 40.63401
-118.761015 48.616842
-113.319261 35.08892
-104.046998 38.777003
-109.342635 38.171641
-68.707662 48.219342
-100.354169 45.706952
-87.171045 35.383092
-84.247119 40.895371
-124.347923 40.999395
-114.741349 29.627727
-81.699822 30.628226
-69.023001 43.756008
-94.770794 29.48543
-82.350745 45.997726
-113.479864 42.740182
-82.885406 30.42594
-72.889294 35.640508
-87.547865 34.886128
-80.889889 48.281437
-71.038957 48.415689
-104.319649 31.583813
-102.480519 28.673954
-97.556201 26.30261
-94.220759 30.760684
-108.142968 27.382034
-117.836715 36.746788
-76.697443 40.640813
-93.428212 41.692393
-93.558169 30.060949
-119.862338 30.211985
-108.685574 36.03044
-120.956666 48.617414
-69.915532 40.96486
-99.904329 41.524967
-73.959361 34.071411
-115.444892 44.661093
-83.145742 40.391629
-88.573702 28.732249
-118.821295 42.977609
-105.752362 48.026661
-76.644225 29.76787
-95.580819 30.001413
-84.170041 41.297561
-81.324204 33.309399
-108.562938 42.291582
-91.376719 35.302273
-92.957549 47.312165
-117.498 46.435573
-124.682196 29.402744
-108.753721 40.297109
-83.86265 35.670646
-89.692597 44.798428
-80.473464 27.207746
-114.917205 40.630682
-105.97444 46.090576
-110.470117 29.077188
-124.341564 28.5947
-92.00406 29.375348
-97.51527 40.426753
-93.842734 25.943225
-79.080337 47.761569
-106.449496 44.078256
-112.535697 28.131774
-119.277643 47.791452
-80.635754 36.23592
-82.548387 41.58859
-81.086623 43.735737
-81.906274 45.648953
-104.157536 38.809501
-89.008205 30.122524
-114.445633 31.254659
-96.994496 26.308566
-112.512898 48.234874
-124.135578 46.920956
-117.117958 30.355281
-107.041959 28.652423
-99.449625 35.446103
-97.798451 38.80426
-97.351573 27.236214
-117.89207 40.169523
-103.419896 37.001331
-70.18779 34.77072
-116.416184 35.943075
-89.594615 34.293676
-93.802892 40.771595
-82.617836 45.982336
-113.30629 25.800925
-123.868266 30.510521
-120.257775 46.208004
-85.109281 36.029067
-74.943223 43.939854
-91.413826 42.415636
-117.445551 42.410001
-76.770106 41.118421
-79.172369 36.659403
-77.483317 29.991539
-120.095444 42.767785
-99.592219 27.60329
-109.226033 33.064932
-107.006851 28.923439
-103.672616 39.325175
-69.799019 29.903343
-91.873869 39.713811
-68.591132 32.376524
-110.001856 33.626802
-83.9206 46.807649
-102.038586 29.793126
-100.013933 39.651527
-85.23893 38.107729
-82.598091 39.341208
-122.992518 27.407262
-77.201443 44.23237
-100.045982 41.885335
-102.586079 44.810812
-77.729284 25.924672
-93.764036 45.841571
-75.033669 29.590169
-80.320487 47.854634
-91.80949 28.141685
-99.836424 36.008798
-80.944746 47.858297
-118.157811 47.756196
-91.867704 40.576291
-110.519377 36.429357
-81.836767 31.302495
-80.147751 44.366441
-113.169842 48.402095
-87.322591 43.831667
-73.893058 29.400464
-120.785271 28.40488
-103.698234 37.394984
-79.460033 27.075253
-75.221424 34.344779
-117.641048 35.552701
-79.810415 37.763308
-89.988334 35.903379
-116.164045 34.827375
-70.186518 45.432034
-115.942091 33.749662
-102.304161 39.147881
-95.708603 43.557473
-117.440326 32.941675
-101.790952 32.63937
-86.507325 36.035983
-88.516666 43.739351
-85.003944 41.741141
-116.555431 32.30448
-92.938955 38.701014
-69.543217 38.080548
-96.118588 34.305118
-85.388208 43.138616
-90.453839 37.812946
-68.68109 42.951135
-111.685479 31.207737