2000 2
-104.157203 36.854235
-69.424433 37.909905
-118.83452 36.571771
-122.720697 47.385242
-124.270923 31.851302
-90.913944 43.065537
-72.43998 30.227759
-69.053623 28.840167
-89.760343 39.540356
-90.141167 42.280182
-69.326314 41.208266
-105.149467 41.19837
-117.92705 46.151165
-123.418639 26.868713
-103.447363 44.07947
-105.841775 44.729814
-111.806662 30.908542
-70.809067 42.6876
-86.54376 34.768133
-93.399896 42.264122
-71.12511 45.751547
-85.799101 40.142745
-78.651506 43.115157
-124.268752 35.86323
-84.47048 42.563151
-69.894266 43.968832
-100.321398 29.026072
-91.50329 35.515658
-118.487843 31.001876
-90.190693 34.739655
-105.510487 28.803727
-114.425963 30.818936
-83.319522 29.506449
-74.956138 26.818051
-94.458209 33.537273
-95.920895 30.993394
-95.429405 30.102344
-74.619656 37.31791
-98.184908 40.832577
-85.383543 25.735043
-115.151301 31.841319
-90.780573 45.71241
-96.944299 33.145284
-85.112065 30.081469
-93.325703 26.882322
-122.904976 36.028369
-108.239874 34.040514
-86.413969 33.181752
-80.173465 37.877773
-95.823667 45.794688
-73.291901 40.191152
-98.88874 28.904871
-89.976643 32.573694
-69.085253 47.771175
-104.666154 37.910527
-100.3399 33.286091
-122.634017 44.758098
-82.527581 36.241711
-113.634881 41.336579
-110.19156 31.699169
-89.564465 42.529861
-123.024434 41.651193
-96.198908 30.903361
-70.554472 32.499907
-80.289419 37.451919
-99.926758 45.939018
-101.536974 32.188868
-113.557361 29.736697
-98.007885 38.057676
-107.989894 43.183859
-116.391962 47.281824
-82.717523 27.670903
-68.276771 26.18905
-89.615391 28.08958
-75.855217 40.038104
-104.613972 44.960391
-94.443714 38.476924
-93.934115 37.452108
-87.144968 29.104506
-85.394929 46.351564
-87.095795 35.46221
-84.380272 46.922491
-105.706742 40.759706
-120.177592 44.59911
-88.819198 30.49843
-102.171569 30.222398
-71.620079 44.407292
-104.524371 26.549639
-95.979673 35.357462
-79.480309 28.754763
-69.203141 26.239737
-98.186821 44.13795
-115.033446 44.199277
-108.715738 34.530513
-111.563145 28.204397
-81.280183 39.931176
-111.024371 41.420616
-117.57747 42.268325
-108.658349 47.978416
-94.940659 32.636624
-108.114253 30.405429
-87.823216 31.639757
-75.06794 46.345041
-90.124899 35.925115
-99.691589 40.741289
-95.396136 34.208436
-87.078924 45.299192
-81.186194 26.284016
-109.155862 26.982563
-106.13611 29.92916
-96.468446 43.605925
-94.919561 35.699729
-108.336012 27.889801
-87.810129 42.79253
-92.115145 30.36887
-109.217763 33.492003
-95.618009 27.652335
-124.071536 29.421231
-81.739891 41.599468
-84.778516 33.857581
-83.078715 26.610893
-103.147245 33.258005
-114.186075 36.467654
-100.832715 42.165087
-78.807545 29.349453
-109.136578 26.992249
-77.967296 35.012617
-115.432868 42.947729
-75.37193 47.833293
-93.709935 44.761832
-124.274757 45.667662
-76.604934 30.671263
-77.436215 27.783773
-89.518127 42.255416
-121.759131 34.913834
-107.309693 32.513425
-94.481245 32.179887
-69.181798 34.253568
-121.375489 25.938051
-104.620647 32.752973
-71.387544 35.23429
-101.740013 34.995995
-91.692405 47.456187
-86.366097 48.464022
-100.134788 37.642937
-89.841135 26.136948
-101.616891 29.671442
-81.652969 39.681239
-82.274773 39.549225
-85.227692 27.224942
-75.725768 34.725657
-124.598101 46.26701
-105.050155 42.971353
-72.149414 33.739353
-113.329837 35.71976
-124.787278 34.055685
-117.030738 35.806046
-102.06372 36.566277
-109.003058 48.051098
-71.976243 33.854308
-116.505117 29.422948
-117.5157 28.328142
-95.389484 26.747282
-73.408754 41.922027
-92.812262 38.120215
-114.092021 30.676242
-104.277147 40.711819
-119.589376 46.253347
-84.758636 44.504876
-79.931206 30.418576
-87.5913 41.415939
-96.437872 26.708931
-73.747101 30.775712
-120.144986 26.251842
-103.848978 44.230807
-106.695623 30.994717
-68.577789 25.980489
-73.753613 36.328432
-85.899485 38.543709
-84.042895 28.498149
-117.12376 30.330019
-83.647153 48.455224
-118.785307 42.908799
-111.329577 27.710838
-78.192429 43.052813
-99.646924 27.004821
-103.02832 36.330401
-73.409691 39.053674
-87.851582 45.585812
-85.477446 39.855358
-108.800841 35.535639
-95.667746 43.339672
-117.226476 32.39436
-122.064462 36.242167
-75.086862 30.715518
-95.28261 27.609205
-68.862719 26.684346
-104.044314 43.438885
-76.053032 43.893405
-98.723959 40.804091
-82.02335 41.980431
-106.352036 31.445301
-89.849365 29.623247
-77.79159 32.798918
-113.218221 38.142827
-112.150298 48.183085
-118.750478 40.145403
-77.648012 28.335595
-124.812627 25.939466
-75.386387 31.986642
-96.292251 40.235433
-90.338283 35.122319
-107.0868 46.482234
-90.696025 39.965172
-106.529917 46.597073
-69.516977 35.616777
-92.058062 31.096824
-118.316792 46.03064
-108.648383 35.942197
-120.78755 42.170544
-102.423658 28.168686
-111.111803 48.289334
-96.97528 46.846731
-86.185744 44.308922
-87.702852 36.647852
-100.031639 32.652146
-92.918839 27.245674
-93.227928 43.57792
-105.656437 29.707918
-114.866222 30.997228
-108.156372 42.209902
-102.792938 38.156891
-121.766365 46.443554
-107.594011 32.905757
-124.602145 45.044219
-83.630915 26.733082
-105.696539 47.182829
-79.628281 42.110318
-111.866181 41.745153
-90.177165 44.986077
-73.325933 28.400891
-108.795624 44.976596
-90.479301 34.233313
-110.601433 43.289635
-91.66635 34.711388
-115.534317 31.098184
-79.308075 32.630574
-83.90768 48.648985
-107.390851 36.35714
-113.767628 28.262679
-117.501733 28.834397
-109.435225 46.609837
-79.577104 35.454112
-77.46006 28.826616
-123.229621 29.324204
-98.687482 45.224698
-86.260271 28.482672
-78.881121 36.478598
-124.339447 43.803994
-117.5615 29.994434
-96.443679 44.039901
-76.209386 34.023426
-87.164698 30.035229
-78.928655 41.131081
-124.128729 27.676966
-79.792404 26.197515
-103.127358 43.248952
-119.31164 36.522086
-112.771657 41.969461
-87.850044 45.410431
-69.049422 36.366187
-118.748793 26.259904
-118.046263 34.693759
-77.763964 41.529721
-121.254244 28.925588
-115.78068 30.53842
-69.998637 33.087418
-72.407291 47.211093
-69.59865 45.050688
-95.110933 29.900124
-92.703585 29.314734
-117.409514 34.220119
-94.265878 45.964705
-122.416859 40.051269
-78.72334 26.810802
-74.618226 37.1353
-111.211635 41.307661
-107.630786 28.395654
-69.430347 33.101534
-81.898354 31.348263
-102.588322 46.331768
-122.417566 43.2298
-113.622199 37.398085
-104.892598 30.890055
-121.469744 29.075863
-104.690182 30.525184
-80.0032 29.2324
-98.461852 36.25256
-86.269199 38.660414
-103.057834 42.720248
-101.569238 35.461063
-93.865153 28.94906
-106.312543 47.251972
-117.679923 29.152679
-82.729098 46.029385
-69.351413 41.78608
-114.933757 40.009339
-118.131511 42.169036
-96.751006 46.343008
-86.577328 28.939975
-105.050887 34.915216
-77.298106 41.767645
-90.107285 27.401666
-71.976645 35.397172
-95.452941 39.958394
-79.140445 35.589843
-109.2211 44.430755
-92.392336 34.926196
-84.411277 34.474969
-96.038738 31.832273
-124.038424 38.003997
-75.073701 42.066135
-86.22088 32.407053
-95.692852 34.070795
-101.368291 33.27569
-124.573486 43.573447
-84.452362 32.940392
-105.898527 36.923003
-109.788636 47.318111
-120.34536 27.164208
-108.838419 38.356456
-77.267624 45.20678
-86.634861 40.989003
-100.324284 38.875738
-122.661934 33.617002
-103.328739 31.419763
-88.760375 35.707664
-123.907529 38.342347
-88.411697 25.72817
-124.290427 41.238469
-80.875681 41.768463
-106.920773 32.857914
-84.177128 37.446982
-88.555713 44.981971
-97.194413 45.672249
-79.091691 29.498286
-86.734898 28.518604
-109.385103 26.534577
-95.389099 26.893637
-110.447479 34.619325
-94.91476 32.426545
-74.015873 30.108417
-119.154268 36.976384
-69.632459 33.064009
-72.896125 38.266025
-118.24315 45.147404
-120.105925 40.79527
-93.857066 42.562769
-105.686943 26.36408
-69.711122 34.47624
-111.803268 30.28293
-110.706276 43.264436
-103.060268 27.556051
-122.675404 43.826633
-87.871845 26.518025
-68.757082 45.541732
-117.968705 26.160886
-108.937147 45.016895
-86.834763 41.919887
-104.131484 35.396338
-69.069609 34.589517
-74.199115 39.946858
-79.602824 42.732355
-70.36286 47.372348
-90.686056 33.334351
-80.693615 47.938948
-104.568735 30.246138
-123.291501 46.562188
-85.711779 36.842379
-120.79577 38.83301
-110.362898 41.947729
-117.708359 43.016181
-81.410168 39.363073
-83.114694 27.702519
-79.677151 33.882857
-97.217624 42.299447
-82.008658 36.713142
-69.337521 46.570681
-124.035968 36.246857
-107.057039 41.27797
-85.816939 33.146889
-73.750304 47.166737
-75.733575 44.638409
-99.871805 34.353095
-90.866633 29.76054
-88.568015 47.744805
-74.329372 35.444686
-101.694188 27.86827
-100.498221 38.617424
-68.724891 28.546556
-110.268353 36.586533
-115.970197 47.692685
-113.735111 37.233859
-105.471586 30.029779
-68.894912 44.178694
-108.761717 44.072814
-71.079705 45.482135
-91.094983 32.067265
-119.225476 27.201822
-121.495752 45.974768
-120.733853 45.779414
-88.01231 28.442997
-86.413076 42.647373
-117.61015 33.685458
-109.234803 46.38902
-73.354923 43.227613
-92.981039 29.228417
-114.324176 45.248168
-109.973424 47.510964
-110.34571 29.991775
-120.707149 42.251875
-84.61596 35.435024
-102.861124 32.009572
-74.686975 31.103716
-98.939612 33.349779
-112.429255 31.231396
-79.044588 34.812949
-101.234114 44.601797
-120.236032 37.489241
-101.250604 40.486697
-93.4875 30.987908
-84.025396 35.154738
-117.97022 29.645466
-122.983887 36.298897
-87.095467 39.695876
-124.426299 33.747072
-95.942856 25.749885
-119.056135 34.821393
-120.687319 34.768265
-80.823893 43.733973
-117.183003 35.622014
-71.523469 25.961587
-118.975331 37.616567
-101.253814 37.125688
-77.101478 42.706996
-119.199675 39.945318
-86.883854 43.55882
-105.685729 30.491736
-88.212524 35.435362
-118.978791 31.376082
-71.360783 46.775708
-78.899076 39.491329
-90.042222 28.903581
-71.962257 40.03694
-68.58606 38.987855
-78.866031 38.212948
-105.616729 39.285025
-82.272604 28.358056
-110.031593 47.553847
-96.084627 44.324079
-94.093456 38.00869
-92.744675 33.942842
-70.97414 39.312522
-109.284157 44.579618
-106.258168 41.258204
-112.549716 33.890274
-105.146802 41.612894
-98.752689 45.760512
-77.919762 39.564677
-111.646511 42.70276
-76.364185 31.250858
-98.175899 39.214213
-95.162384 27.177127
-73.262296 46.940006
-119.951042 47.605067
-117.759319 32.390396
-109.096335 44.919341
-114.086875 46.851417
-90.95591 37.665766
-87.508052 35.008741
-110.828052 28.950125
-83.473515 40.412472
-122.073307 42.910906
-114.074944 47.416188
-115.609547 27.38714
-71.427333 40.224395
-106.512961 34.77391
-72.386956 41.107062
-117.795389 43.90354
-93.092027 33.043537
-72.165872 27.366048
-71.407626 36.794167
-69.404355 32.257136
-81.377159 48.17641
-105.870656 35.53518
-76.697649 30.650629
-93.327227 33.81733
-78.119392 46.069812
-115.51195 46.117577
-109.632885 26.695711
-95.97399 28.089566
-91.835887 32.775385
-113.818775 41.410274
-88.486238 34.02366
-108.117226 40.363767
-109.292962 30.906282
-78.691974 37.464243
-95.270279 28.831412
-76.436455 44.228706
-95.845364 26.752249
-110.961019 29.832052
-116.633761 34.661008
-73.59247 45.917434
-99.344865 43.570463
-119.391242 43.429889
-78.85693 42.695732
-105.55353 42.605451
-86.408096 39.75213
-123.392001 35.62516
-106.831089 39.347788
-115.999837 41.39519
-95.324747 28.503898
-118.373665 40.198942
-101.578391 47.146468
-98.664318 34.301131
-121.155716 44.210734
-107.697686 45.789536
-119.900095 34.53022
-89.568464 33.462767
-100.524643 27.343104
-86.19517 29.531759
-106.719867 40.271343
-109.084759 38.255985
-96.917631 32.331594
-85.617083 30.046167
-85.97979 28.285952
-122.817517 27.807418
-94.357937 25.980792
-107.561341 27.306438
-111.363339 31.441353
-73.435953 36.546871
-121.862075 26.528722
-119.571705 44.783041
-75.311034 38.783319
-116.014423 30.918683
-112.011783 37.247139
-86.646258 27.520975
-100.421122 33.017814
-121.961919 40.459982
-94.781009 46.295737
-102.311012 32.191132
-87.845282 33.626274
-112.152191 26.678981
-118.345165 34.540414
-108.527562 25.832407
-109.724673 36.010429
-86.401467 42.76542
-86.675817 40.205242
-112.155275 44.719978
-104.315215 36.961381
-110.336868 27.633042
-75.54033 46.602112
-123.588384 31.656828
-101.756123 28.638717
-106.558259 27.846321
-105.91586 27.192614
-90.210367 45.741871
-108.477454 29.725886
-83.678855 30.89864
-80.476725 40.251291
-81.334404 26.567664
-72.441971 30.608734
-90.852725 33.311727
-78.043316 30.868726
-72.125516 28.039609
-115.680474 32.194043
-100.650404 36.014559
-94.054121 27.612481
-97.757721 39.209196
-77.494574 29.776628
-73.496871 32.757377
-121.363993 39.530364
-98.660615 25.966104
-115.563648 28.656868
-95.129283 35.085963
-72.313875 36.13727
-113.03191 30.298849
-79.032483 35.204082
-100.85664 35.292132
-109.937281 46.513678
-103.75425 39.311483
-105.537488 42.994793
-117.970767 29.154629
-106.483188 44.877749
-123.537507 45.069868
-121.647521 29.908701
-76.577744 45.154953
-104.9725 47.512479
-121.232771 30.480667
-94.551606 36.463783
-77.639562 38.581139
-108.318806 42.154262
-77.110253 39.593269
-87.763744 25.829005
-94.098673 35.847044
-108.556464 38.021316
-118.372996 47.473201
-112.303532 39.82286
-114.037089 35.027256
-91.143876 43.91178
-91.020524 33.582242
-79.144541 38.763265
-73.061619 30.034132
-69.833547 36.835188
-108.752095 48.51366
-75.095518 41.813585
-75.367356 26.989431
-101.864751 32.6558
-109.875652 30.574036
-80.105849 36.491812
-105.5261 37.654989
-97.430682 29.455786
-107.29177 43.608311
-81.180849 34.634038
-119.45788 31.220137
-90.277999 35.279799
-87.444402 47.98711
-90.788704 33.888998
-73.801493 46.859645
-81.985884 29.616915
-98.840686 48.478638
-109.525751 48.523294
-88.696641 35.64872
-101.025658 35.511273
-120.888574 31.024755
-93.533803 32.187518
-87.300235 38.435714
-69.242749 26.439753
-120.890621 41.188158
-119.319234 36.285781
-104.492333 42.185403
-84.030395 42.656885
-121.533404 27.379117
-106.831471 33.62819
-102.132158 46.065509
-106.479925 26.915971
-94.081916 48.609323
-118.444117 48.596958
-115.317075 30.856297
-76.660673 46.829879
-120.32568 40.659892
-114.380553 46.880196
-72.746001 37.820807
-82.055733 41.627085
-95.38088 36.204615
-94.565453 44.077376
-80.155352 37.021504
-81.756946 33.030284
-84.626487 42.870086
-95.430226 27.330284
-103.01473 43.226436
-120.297204 28.146492
-113.297524 38.374012
-84.534263 39.14038
-77.884719 33.814144
-83.475738 48.424945
-89.79305 34.753911
-85.43519 46.643641
-106.610443 37.135681
-98.855893 42.021075
-121.523261 30.562159
-77.667107 44.96903
-71.754234 29.774752
-119.36978 47.26785
-90.088605 48.584553
-68.707416 26.969499
-113.72942 39.204826
-124.232194 46.994923
-104.644101 37.804356
-113.497588 25.726673
-119.353727 39.36268
-86.577559 47.620915
-104.07539 39.64381
-113.184502 34.802702
-83.127151 43.578312
-108.099732 36.360539
-108.225448 38.331607
-71.464537 25.965251
-106.353965 26.213563
-77.821503 37.181063
-87.329088 31.862155
-124.507003 44.915039
-101.829415 42.320273
-82.035825 43.43935
-88.421027 30.574623
-107.4202 46.66882
-105.704062 39.608381
-104.405899 36.034521
-109.534062 38.911935
-110.614373 43.028325
-86.173734 44.338561
-100.774277 38.409893
-114.491629 40.409336
-74.14819 36.118683
-72.674171 35.297716
-86.811928 40.778798
-80.498363 45.82457
-79.357403 32.310007
-121.241776 43.231605
-98.114033 36.035548
-105.099016 34.995315
-97.648273 45.918423
-118.926726 26.106032
-73.757042 39.610945
-123.23743 43.325285
-92.444739 42.842458
-71.247422 31.055798
-102.066347 32.492491
-76.251543 36.892015
-108.689352 33.990535
-104.303674 41.97417
-70.448517 41.044896
-74.581977 43.909268
-79.310958 42.222902
-79.030671 45.899885
-69.697795 38.422793
-110.066215 25.786505
-76.896877 42.520713
-100.80624 28.022539
-87.784329 41.692618
-88.740039 37.396637
-75.720741 41.696696
-106.132505 40.158648
-116.143861 44.63566
-88.343904 47.85684
-76.947341 37.409934
-99.562603 44.6679
-104.524428 48.052642
-116.783953 33.212446
-122.804568 31.817043
-103.301505 28.293171
-86.957172 38.271757
-69.786367 39.70707
-94.675786 33.841902
-90.769203 36.972284
-73.096 43.284556
-95.995312 43.760613
-123.448421 30.548476
-123.182232 36.806102
-68.947335 32.192806
-81.37933 28.091088
-89.339073 35.719113
-104.27477 31.128525
-85.546596 48.369198
-121.906236 29.798796
-108.606631 27.1172
-68.977177 28.084572
-81.191764 30.159887
-117.872079 40.080563
-78.343854 34.557383
-123.919085 36.746357
-122.823999 42.293871
-88.120771 41.200803
-106.784183 47.098698
-117.094982 44.418464
-116.883633 39.87263
-110.35645 28.847207
-109.796079 43.522117
-114.181492 41.942716
-98.183883 39.972332
-76.011358 34.200427
-97.557033 41.648003
-120.906672 43.238183
-107.767582 44.947324
-120.187265 34.089287
-87.276704 33.178453
-100.550565 34.567191
-98.993728 35.111964
-102.093097 46.433368
-119.657784 44.585354
-80.700015 25.926567
-104.548264 36.420786
-94.756271 43.839522
-76.283906 31.773196
-117.679128 34.577771
-94.465244 26.340175
-80.679963 38.590314
-80.61544 36.07877
-71.851882 34.617555
-103.525451 26.343357
-92.247584 40.848097
-122.866665 38.398341
-108.232968 36.441668
-117.259897 29.053982
-109.493261 26.57093
-102.560093 37.033978
-103.243605 33.581607
-124.134025 40.679423
-113.790955 33.354157
-72.393068 46.310273
-124.185822 41.82792
-101.601643 27.140964
-96.366237 31.17415
-73.900204 45.213985
-80.800663 42.102073
-109.139523 48.53499
-82.248828 36.597149
-88.642119 42.976753
-92.786703 47.010403
-74.548199 31.199408
-108.187622 44.255255
-118.764395 27.093338
-93.4872 41.570935
-110.670639 43.153015
-96.532081 46.074454
-68.911944 42.932688
-93.239318 38.908702
-81.150641 48.09582
-92.335955 32.256721
-116.227011 47.370171
-92.960562 35.193522
-79.144836 36.444481
-114.010417 26.323632
-98.601982 31.502182
-95.026368 36.466271
-115.661865 48.089922
-97.052978 26.733284
-122.706327 26.561776
-118.096176 47.194457
-86.160525 33.18591
-123.792086 36.633407
-112.662671 47.748646
-75.619079 36.041762
-90.409624 44.470726
-122.097552 35.643592
-84.249146 47.039963
-107.288559 37.925967
-100.316238 33.785929
-104.935854 46.560907
-86.687946 43.517364
-119.390716 46.822968
-86.195278 38.857616
-75.242467 43.251205
-97.803497 43.264958
-81.846738 38.61316
-118.730886 28.383117
-68.286426 33.560091
-85.318987 34.066944
-85.403138 40.483117
-95.151719 27.507725
-69.631706 27.658866
-89.282824 37.767198
-111.281917 34.207357
-84.518785 42.663144
-70.283382 41.938136
-104.064507 27.844019
-115.549092 35.5451
-94.208769 40.005884
-94.29176 45.596483
-82.625155 45.770422
-79.722192 47.392094
-81.700267 25.876629
-72.944013 25.923864
-79.283386 32.675319
-70.851713 37.304907
-84.590323 26.66068
-113.496818 26.352103
-69.1476 40.484575
-107.520945 32.610591
-96.304615 43.434234
-76.05849 40.439672
-87.333092 27.919979
-101.283721 42.294476
-114.809273 36.883725
-108.371002 48.045613
-113.711332 32.278157
-90.827361 44.644689
-89.840649 47.718073
-84.504489 39.57717
-117.151127 27.575383
-69.015769 46.357547
-120.680224 33.97486
-69.350138 37.525921
-74.889385 45.033106
-90.46675 26.450164
-98.382529 45.532893
-82.025201 41.619528
-88.158858 43.48176
-115.354574 47.096393
-80.905619 29.783492
-103.772136 46.109083
-113.340829 31.406443
-117.797265 36.825394
-112.967471 39.204589
-112.066234 46.949977
-92.042118 39.162639
-119.579675 37.189969
-123.65957 33.978803
-72.931327 30.952749
-92.111202 27.14414
-115.010904 44.395956
-105.438925 42.907152
-99.326957 42.730213
-87.029147 39.493349
-85.244977 36.76826
-92.246429 30.498218
-83.140763 30.120501
-90.140089 46.358315
-120.81416 28.094423
-96.928834 45.097196
-106.908954 43.472032
-70.297627 38.804628
-79.434924 35.004129
-101.317404 38.690768
-84.862882 40.149212
-104.39636 29.398574
-88.884996 27.460295
-95.424117 46.356375
-68.429966 30.485134
-98.628294 44.894305
-90.877582 38.417474
-91.854679 46.765457
-102.548277 36.242946
-114.844595 45.837156
-114.124962 44.506187
-110.904312 32.035451
-114.476822 26.459075
-79.260779 27.893383
-102.068383 38.626049
-114.502057 47.342073
-113.326462 29.661179
-87.530772 41.999376
-109.612313 26.229871
-102.794882 43.456489
-108.274929 41.823046
-87.739169 31.061751
-90.420855 39.610838
-113.535074 43.112235
-106.709763 39.641004
-99.512168 36.167534
-113.765794 47.740619
-96.522509 34.786141
-104.234952 25.773011
-87.625547 40.179104
-112.101175 37.628043
-120.367341 34.18579
-107.537729 46.701839
-76.021374 39.404394
-72.529187 40.704756
-69.222403 35.383461
-89.559773 29.510671
-120.162323 40.887067
-98.664693 36.408626
-109.97565 27.411148
-100.036038 45.865435
-87.672874 42.340535
-77.990605 48.482796
-96.078421 40.571342
-71.686422 36.946041
-93.456069 32.92888
-114.438419 48.204423
-117.847363 44.788497
-116.306869 48.417361
-103.814917 46.480176
-106.34235 42.557645
-102.651548 47.266544
-88.619773 26.455077
-97.766755 28.654163
-110.480463 36.982506
-68.928296 44.925259
-115.831475 47.374286
-121.535743 32.439732
-95.098337 40.433152
-82.569567 36.435126
-101.256543 29.049522
-121.780582 45.928197
-121.156147 41.461451
-114.270366 44.75813
-117.39763 36.476351
-104.1153 38.925283
-109.959646 30.503313
-97.634101 31.673613
-108.839895 45.941914
-124.74971 42.415546
-80.65872 32.302712
-106.174943 45.385654
-68.535744 40.442006
-110.743093 26.640879
-111.173949 42.082897
-99.035578 47.368108
-78.7511 38.79295
-103.460569 42.570565
-120.616214 28.285384
-111.207307 37.750294
-111.972042 28.08229
-79.592716 34.01002
-116.85673 38.380588
-103.605997 44.24628
-116.676756 27.904928
-118.435444 48.257646
-101.621565 37.262933
-110.788579 48.060906
-83.296659 45.029644
-70.564534 34.738403
-75.024327 28.032342
-112.914122 38.850618
-100.465953 40.747662
-116.424743 41.760691
-117.108578 36.624778
-81.255786 27.793755
-116.228763 35.689746
-118.49378 38.556414
-100.309786 38.519905
-111.037276 36.817856
-80.996917 26.478293
-107.8818 28.151615
-71.524908 29.962123
-102.964027 42.034575
-86.000399 47.218414
-78.644715 40.420996
-75.818265 36.986752
-123.101496 39.861429
-79.080397 41.625273
-111.986802 46.75963
-99.524038 38.613941
-77.256269 44.157454
-78.53444 43.938961
-115.155707 26.439227
-96.77526 27.531093
-76.137061 37.534949
-100.629674 30.106343
-116.618405 41.2842
-69.624369 30.336364
-87.544765 46.649993
-97.027941 36.487434
-91.801743 43.781698
-105.538449 31.47046
-95.227117 38.42202
-102.800654 42.563917
-116.725572 35.135769
-80.554339 45.759896
-106.048565 33.50747
-89.940139 41.235763
-72.205577 26.005693
-109.728249 30.34751
-99.215347 40.344983
-82.445965 45.906893
-110.606139 30.646337
-108.833531 31.006095
-110.730532 44.987699
-68.462754 34.46714
-103.965893 35.72324
-97.131397 26.101607
-93.033905 28.694084
-104.48468 41.703068
-89.245266 44.277819
-121.521506 39.116646
-78.061806 44.313217
-123.999351 48.549842
-107.163632 30.279351
-105.252809 34.011929
-105.815713 28.808881
-73.639557 46.299673
-96.315993 29.546474
-86.156832 44.502612
-95.474852 31.568627
-85.432039 34.770705
-107.570219 30.597877
-96.858409 36.497456
-124.774998 37.349514
-114.220771 42.590776
-82.701779 42.364383
-88.141883 44.55216
-87.432448 25.865115
-69.971065 42.062959
-78.552473 40.053369
-71.084808 46.455719
-77.696293 30.870457
-87.935563 42.063721
-114.232856 44.469313
-72.494027 48.651501
-106.458441 47.943801
-110.899233 26.184222
-113.087562 30.742478
-89.757907 44.061846
-72.518828 25.844371
-104.881368 33.967177
-118.80789 32.720152
-71.104735 43.002682
-88.770472 34.395337
-87.707294 33.830918
-104.984591 44.621822
-110.807914 39.078224
-69.575537 32.301725
-76.612244 40.630661
-99.484831 39.239235
-121.133953 48.335324
-110.758674 33.889749
-94.590059 41.788744
-85.217022 26.277326
-72.506346 34.081703
-72.2546 47.614594
-81.538003 44.292732
-84.610616 35.511778
-84.795327 25.81975
-74.249918 30.839265
-123.950133 46.295466
-81.169251 43.517383
-92.113129 37.290212
-96.540933 35.958771
-72.635471 38.923861
-90.687671 31.973812
-76.02721 35.413244
-111.496131 34.022768
-78.160057 38.762607
-107.013151 41.654048
-118.983185 26.734919
-71.325728 28.49721
-103.444109 29.828111
-76.531568 27.181105
-91.239908 45.899932
-100.137839 39.758486
-89.905926 38.073027
-86.897723 28.857726
-122.594356 25.945219
-90.216382 48.62585
-83.415034 39.258089
-79.51965 40.663521
-87.322467 42.049128
-116.769878 36.252744
-98.507887 33.823318
-121.071953 33.701079
-70.647872 43.582662
-119.657542 31.780982
-97.088742 44.195746
-87.994133 32.867338
-94.57806 46.374946
-77.863485 37.729119
-105.809406 45.18414
-75.941742 31.669127
-70.218501 48.676488
-121.783976 29.903882
-100.074825 30.872754
-95.313995 26.687672
-107.903682 46.255056
-85.378394 27.831184
-87.330114 46.378963
-68.455938 43.155182
-68.602544 44.002286
-121.306841 31.62872
-111.207171 34.756091
-87.714886 38.741947
-107.966712 29.646053
-93.711245 42.096277
-104.993059 43.852041
-118.337647 36.935682
-81.127942 30.23873
-71.177896 44.336429
-81.739982 40.467173
-100.178087 31.518123
-97.190964 39.755608
-104.020652 27.800379
-78.210765 44.64069
-114.064967 36.89513
-87.8802 26.81238
-93.410613 33.304396
-79.868497 35.319405
-120.767158 34.361725
-77.813994 26.949608
-96.862368 44.047727
-70.934242 28.741936
-92.380087 31.538042
-85.518762 45.433959
-72.521687 31.018497
-112.936691 33.515572
-119.130223 35.70995
-111.52277 39.950653
-88.492652 38.416752
-70.3597 44.006281
-81.171834 26.632196
-87.023484 32.926098
-111.851705 46.333484
-84.118905 31.613781
-121.123492 35.729995
-76.636177 40.734554
-116.060432 27.199826
-86.597741 42.477129
-99.79775 35.771619
-74.45624 35.392893
-122.743787 29.12131
-83.218717 45.379515
-124.16436 34.050668
-83.02376 34.491201
-112.555532 41.887651
-86.688186 47.609398
-104.379197 39.098206
-122.068135 37.547389
-85.138338 36.935772
-121.701958 39.322537
-86.562938 31.639019
-113.651789 40.249542
-71.020724 37.239587
-111.175646 30.092748
-104.243519 38.046593
-100.5502 39.35275
-70.244979 43.870667
-105.894375 48.346199
-96.733663 39.73336
-107.640542 30.749149
-91.002808 30.936182
-114.928433 47.256841
-95.549789 41.099612
-113.637852 42.015525
-120.580997 32.011422
-92.340629 38.644018
-78.254773 48.545189
-100.801276 44.795862
-112.463352 38.459011
-78.511655 35.269409
-123.17035 28.02126
-87.388416 34.586
-68.515971 46.850489
-119.387567 48.464195
-70.557123 29.039088
-82.070399 37.900102
-90.399191 38.737941
-73.293965 27.326877
-88.565312 37.659916
-87.832814 32.221747
-96.096634 41.604104
-83.47926 29.537674
-73.318074 46.842332
-115.689153 30.482283
-104.100057 28.082479
-119.114149 37.738326
-95.81178 47.77102
-98.613977 39.147034
-108.035037 30.233829
-114.501699 33.158899
-69.851107 44.750938
-76.253027 39.04622
-107.216077 41.890396
-111.974175 29.05557
-76.243957 33.145032
-70.229615 44.791141
-107.304117 41.034297
-79.204375 35.375629
-94.847939 27.550882
-84.167604 39.499558
-86.034968 29.36949
-85.075702 40.583279
-78.153046 42.770687
-76.168036 29.506723
-69.714552 34.543654
-110.305439 33.791568
-84.482745 33.340402
-111.354023 33.776777
-77.44719 46.520332
-90.188078 34.018023
-103.500042 27.65237
-114.08219 30.924316
-120.246995 47.158907
-82.822979 43.514367
-81.719988 39.31748
-99.435232 43.984533
-106.514168 43.890448
-104.161776 28.421724
-114.006847 29.53247
-94.775309 29.121821
-101.800689 46.57495
-76.736032 38.998083
-110.344593 47.622321
-107.32362 47.797966
-89.404994 47.423945
-124.856329 45.82225
-79.057388 37.178263
-94.831717 34.74124
-103.216076 47.564123
-115.409931 32.096539
-92.460312 28.298107
-104.178478 35.374681
-72.910003 43.37319
-97.213226 37.658143
-93.487037 40.086497
-85.594946 34.863019
-103.35258 31.64198
-115.213443 45.942054
-113.453566 45.357566
-84.928823 29.234253
-92.213151 32.520377
-88.437347 36.939495
-69.799924 34.195253
-91.607722 31.460267
-99.983421 46.855357
-118.623792 48.62672
-79.097356 47.767062
-96.030639 29.147644
-103.029729 35.576403
-98.322859 28.704224
-79.969855 38.555448
-76.114164 45.465533
-97.16241 42.723797
-76.58307 31.259968
-115.869926 30.353482
-84.570578 33.589774
-90.473637 44.104061
-121.782915 47.805638
-87.280917 26.861578
-82.247932 34.13777
-102.950815 34.792737
-73.08443 30.215743
-108.276806 34.960216
-92.264999 42.372721
-103.276024 31.909172
-104.31356 31.066675
-115.064087 28.045607
-69.003576 42.692198
-105.446424 27.490287
-116.254603 36.949917
-92.143 42.190562
-113.179235 42.702788
-117.623794 32.732035
-96.15789 36.205199
-73.875553 35.669747
-112.111801 44.009131
-94.104771 48.55291
-77.617866 43.131316
-95.759637 39.527208
-108.416561 32.588899
-73.526956 43.135875
-104.403956 44.460324
-95.877322 37.748941
-97.622613 28.577554
-122.593973 33.817232
-120.681694 38.127728
-100.774488 29.031475
-90.888926 26.418647
-72.881481 43.559312
-90.279389 39.721828
-116.876238 47.931917
-116.005432 39.682639
-112.281133 41.982538
-78.075109 34.309496
-101.380713 42.188677
-122.532991 39.202542
-91.658029 45.739512
-91.965847 29.022693
-92.470351 47.683115
-90.282991 38.355214
-100.076472 44.269603
-71.03776 40.580537
-113.010957 28.47172
-108.784124 28.758918
-72.664273 34.51382
-99.513975 42.529838
-69.848374 30.499761
-100.70261 39.642447
-92.044747 32.744287
-123.006005 48.113996
-80.791782 41.236271
-109.952957 33.533149
-119.20324 45.282695
-86.672835 42.056957
-115.021123 46.321019
-80.958586 48.670814
-85.013183 48.278486
-70.615477 29.10008
-76.653925 47.706483
-120.437343 37.393602
-99.60899 26.919409
-80.908983 40.398382
-81.114182 35.174988
-93.774802 42.809037
-68.471404 33.483729
-99.110733 46.939432
-84.467455 27.857717
-120.312451 40.291073
-109.244787 41.514769
-82.141967 27.43173
-94.781721 25.858228
-115.555805 45.244429
-87.903008 41.906241
-120.848108 30.759567
-73.390568 45.002184
-114.31536 38.404911
-109.466484 25.783041
-79.363517 39.744381
-76.706777 40.763554
-113.424601 42.408749
-96.946081 31.18102
-106.743886 36.267005
-83.291924 45.538501
-85.485834 36.615628
-105.238095 44.53505
-117.164108 27.158491
-107.127776 41.457659
-108.438934 31.7601
-104.013127 35.597599
-70.443486 28.970276
-88.555466 46.928859
-116.168008 38.120298
-114.782093 42.82234
-123.645803 48.161145
-93.85352 48.615938
-74.424457 32.754671
-86.073228 26.172756
-88.80108 46.242601
-71.61232 46.405516
-122.545093 30.662071
-76.077725 38.64372
-102.630996 45.625835
-72.616817 47.336769
-73.701289 37.409438
-90.328736 35.460522
-105.522727 38.423274
-100.808094 45.306454
-106.297724 40.529345
-103.8648 26.981961
-90.352662 44.937308
-78.318608 29.664951
-111.250303 43.395055
-81.387462 27.475513
-99.658145 27.20423
-79.866706 38.38427
-114.863603 32.602829
-81.691289 43.1904
-111.643716 37.391338
-96.33047 26.539654
-80.296253 42.691567
-96.159638 32.533015
-111.099728 30.810851
-123.833994 29.911949
-106.404326 37.711443
-106.338391 35.514931
-73.499452 34.934522
-79.484736 33.066528
-101.536364 28.348465
-122.583639 38.867253
-110.486742 38.176516
-68.487269 29.29806
-71.231975 44.382201
-118.275433 29.227292
-85.725167 30.016444
-115.429285 35.37632
-72.525112 41.69176
-122.912831 34.492007
-82.954382 44.403859
-115.171489 30.608099
-124.711771 47.730407
-93.98132 36.903569
-99.465562 36.513927
-79.090315 31.484205
-116.113854 35.384926
-98.757116 47.211964
-115.029889 27.723742
-70.970802 32.072988
-102.711086 33.768391
-124.263518 48.013843
-117.411509 25.897397
-71.793847 36.189894
-93.570106 45.587204
-80.923159 36.435862
-90.031906 29.554911
-120.05597 42.55453
-100.873823 27.715269
-84.747344 46.228449
-121.175287 37.967537
-104.508218 42.83042
-69.370853 46.627645
-82.743828 47.483692
-111.34657 45.594574
-105.026837 27.680348
-102.120423 42.012871
-118.725591 31.559824
-92.348831 39.139193
-72.063842 35.294111
-91.390396 38.865275
-98.036522 34.108978
-98.661556 38.852871
-112.593371 29.752761
-105.353115 41.144937
-82.074877 30.201582
-93.418343 25.823007
-88.87763 34.59306
-69.800971 30.288424
-97.482786 47.06305
-101.022393 46.725334
-106.497961 35.126395
-116.64037 46.099362
-104.308594 34.727635
-77.565122 26.279442
-110.584199 32.209505
-71.06446 37.564339
-76.269477 45.112312
-83.08558 38.349355
-71.951236 41.381301
-85.788928 47.640552
-104.179544 29.79378
-101.010662 27.594876
-72.376204 35.706504
-84.070733 31.255969
-78.484498 37.820801
-77.546856 34.151865
-84.147999 47.296403
-83.457162 46.483237
-102.608876 34.519166
-69.247482 43.93832
-119.341845 44.362181
-112.489299 31.314759
-109.610411 34.731375
-111.005093 40.465761
-95.471631 38.932319
-94.233462 38.8448
-105.234241 29.555458
-115.304604 42.643017
-93.746549 31.007913
-74.880656 36.373244
-117.303472 39.357003
-88.75545 46.95844
-70.827261 27.904554
-88.725426 47.245156
-123.881275 33.097265
-90.503164 47.639957
-90.198534 34.964366
-111.93952 27.402424
-93.298313 33.516322
-92.849645 41.738464
-124.215101 42.875337
-117.975599 26.51662
-99.72995 44.531641
-86.533345 33.419098
-83.370353 40.267258
-74.931594 39.363132
-108.733763 41.114911
-118.642049 27.719832
-69.110565 26.97661
-102.770965 32.027425
-99.384165 39.582548
-101.4161 32.413777
-71.324068 31.211396
-124.767335 47.544793
-81.045562 44.625654
-72.051494 29.56606
-101.617909 36.064046
-108.239284 32.151318
-122.125283 45.75347
-117.294889 34.527975
-69.183399 25.744119
-112.098216 41.238519
-75.200036 38.621218
-99.834898 40.337383
-76.3062 35.847613
-68.81479 39.121518
-87.65374 33.994039
-89.290924 44.274971
-122.728044 30.806629
-92.369772 42.923299
-116.73222 28.06816
-122.444776 46.473273
-84.172978 25.874735
-121.858374 43.669923
-106.682887 34.41161
-122.888594 46.527831
-101.144309 30.259776
-70.707762 43.623759
-121.266788 37.513365
-85.035561 45.777462
-103.937662 29.604681
-90.523943 48.572154
-103.821603 39.672837
-84.390017 28.127962
-89.393207 29.890477
-113.698019 37.577515
-78.26021 42.240805
-107.484071 47.727635
-106.03881 46.854015
-94.838354 42.546257
-111.983575 46.489246
-82.180344 47.545249
-92.352764 28.942219
-83.211253 46.472872
-103.163875 36.839326
-96.331245 28.203903
-106.800006 47.664864
-124.101908 37.344861
-109.66403 40.025001
-72.864178 28.935209
-69.291443 46.034314
-101.033991 29.260285
-71.255788 25.920216
-121.964624 46.180555
-108.869637 46.448908
-68.487168 43.944799
-69.435893 30.42772
-114.912861 42.307518
-114.505547 34.457203
-122.17588 38.699115
-117.004511 26.086019
-76.871311 46.545171
-76.285297 48.324207
-108.798477 30.276253
-79.48476 26.718245
-118.170194 45.542816
-76.414823 32.930779
-93.506578 26.771537
-99.147788 36.170131
-116.376632 27.490388
-78.363777 32.837019
-104.031697 46.500868
-102.858498 45.754862
-74.167919 45.223702
-100.613057 30.766097
-122.669842 39.142843
-79.43303 30.392493
-86.404927 39.215473
-99.881457 31.149586
-111.348212 43.43854
-113.531908 30.02245
-96.688165 31.034548
-115.695394 42.827443
-124.671446 28.519222
-113.29782 34.819366
-90.563647 37.716031
-76.236895 36.926766
-83.815593 41.053125
-89.064101 36.125953
-97.249244 31.970623
-115.251215 45.515915
-97.351247 38.567645
-70.366341 31.66712
-89.793918 36.656773
-75.551221 48.195611
-116.445456 46.25753
-117.859411 27.925523
-94.615925 28.128852
-75.526582 27.978392
-68.645199 45.675856
-75.290366 38.972653
-92.601574 41.29253
-82.722023 37.837669
-106.563177 43.872264
-72.510109 38.181221
-105.729527 31.86456
-88.672607 27.985364
-102.764137 37.936322
-107.757806 29.772649
-102.584312 35.151678
-71.469798 46.619652
-114.141845 45.752571
-97.710357 44.13001
-79.470566 37.630388
-88.772118 27.663792
-115.679854 43.591412
-116.280924 26.828944
-107.796475 43.260282
-74.087151 47.112251
-90.039376 28.046627
-90.747152 33.728288
-94.121809 27.942451
-118.453035 26.458482
-85.141014 33.656674
-118.467044 48.52757
-99.349413 25.778748
-114.247553 36.566572
-116.274254 28.734586
-73.943642 32.941967
-119.669506 44.895356
-88.790017 40.168925
-94.316137 42.655677
-85.917506 46.737191
-92.495623 27.81781
-80.475901 41.554161
-80.973284 40.15939
-118.150209 31.004215
-103.49907 43.770354
-121.799728 33.329663
-86.801495 30.19482
-76.936263 29.096867
-109.29524 29.200229
-113.122392 44.51005
-73.623795 26.126054
-103.593499 44.923677
-105.113763 32.0298
-116.937981 27.652715
-102.162418 45.533872
-103.900629 35.618035
-124.41247 46.274262
-82.574348 31.827128
-111.970406 31.356522
-99.632956 41.940975
-78.157764 37.961424
-111.993755 37.753181
-105.662353 45.599875
-113.577396 35.731416
-74.637489 32.913746
-118.21759 47.302046
-118.296697 35.239073
-93.26869 41.613991
-72.44955 33.247858
-108.087721 42.420375
-96.450018 31.968648
-104.925204 47.359927
-75.178324 29.442403
-114.996014 48.592448
-86.503222 34.501698
-102.644703 35.83204
-86.414881 31.362679
-108.487982 44.644132
-88.948578 29.542291
-111.780455 27.305972
-122.635974 26.219494
-92.182802 36.240417
-84.24968 41.204605
-112.876028 36.954054
-87.930858 38.138369
-88.028059 26.670127
-114.028834 32.633831
-103.26704 29.785747
-78.59325 48.051362
-95.295462 34.699596
-116.470857 32.751222
-106.36033 41.680883
-84.856282 41.951287
-105.151447 48.545397
-89.404825 26.942045
-123.614338 33.088894
-91.011598 29.53447
-72.499261 38.873906
-88.821322 34.184435
-105.992097 48.576068
-112.373815 29.974491
-75.27205 32.264066
-73.725886 40.846836
-73.3378 34.564641
-68.313491 44.921381
-86.095184 45.418475
-95.454194 36.391275
-78.949162 43.184424
-103.317359 45.662694
-68.360742 42.758325
-102.917651 47.373555
-104.352527 32.135078
-89.607347 37.656043
-73.563286 41.11757
-109.414043 33.851217
-100.559308 31.235861
-102.897335 32.727101
-111.758995 45.060788
-94.946616 26.303596
-97.094342 44.606657
-111.238078 38.129089
-113.044733 33.134005
-120.731525 34.861346
-88.228264 45.369161
-86.512507 43.548314
-106.435338 29.280985
-68.638155 42.235811
-69.499792 30.173686
-89.036706 26.284874
-96.4401 27.90098
-111.793059 40.738923
-99.224051 33.582372
-96.755578 40.442701
-111.158034 45.505983
-115.645232 39.350639
-70.817749 27.66566
-93.325872 48.61327
-76.30051 31.965421
-94.390881 42.186129
-77.808136 25.745329
-99.79814 40.011188
-102.932173 41.03937
-116.503172 47.114652
-80.032788 46.856038
-92.785881 33.292569
-104.791038 38.980718
-79.116417 40.80293
-73.807742 38.450926
-79.166462 47.208197
-119.06051 41.317133
-83.136589 26.776581
-74.938172 43.869702
-87.914231 39.355734
-123.418211 41.701769
-116.604118 40.564365
-72.814274 34.142971
-78.386985 35.488126
-87.271942 27.101538
-71.676432 41.40716
-84.153882 47.8198
-72.087555 27.599434
-108.471093 44.665614
-83.192992 28.733582
-92.210158 26.49342
-116.225863 28.392508
-107.780034 37.80616
-123.462428 36.76078
-76.834259 28.161166
-76.468105 38.418084
-96.987953 36.012865
-114.596449 40.336938
-107.699885 39.241419
-110.492227 45.063682
-69.224642 25.833962
-111.968709 42.050507
-96.647866 39.791826
-88.056991 36.563127
-100.102289 43.44323
-86.675231 38.537855
-96.65548 44.923092
-102.021563 45.445802
-69.843763 26.237713
-95.024832 43.45833
-70.283294 40.138238
-68.836884 43.8459
-122.86738 37.508784
-93.981418 38.11191
-74.245502 38.634534
-94.126619 39.647513
-101.337841 40.245418
-116.190169 29.36677
-121.554354 41.594986
-120.000911 38.006647
-99.317381 48.431387
-70.47376 32.0791
-97.3645 40.180785
-110.425523 26.326319
-98.881593 47.650027
-82.953259 45.888364
-113.873674 28.010757
-85.330648 43.516492
-103.361112 41.425558
-78.581525 45.327261
-84.032625 30.443212
-97.627768 27.937435
-88.218077 40.477681
-108.882923 38.099896
-72.85039 34.427463
-80.988714 41.844901
-106.57817 43.052465
-118.501821 47.563368
-74.168302 40.277356
-78.092034 37.017159
-90.021245 45.003719
-107.942458 39.13716
-70.284022 36.986628
-85.513975 46.561785
-124.603086 29.130179
-106.626524 37.941341
-71.918913 41.726709
-93.838377 37.975093
-106.748872 36.016102
-75.17111 34.627086
-117.634078 40.724543
-105.584232 28.233691
-108.06537 32.269686
-91.857492 45.188418
-123.751791 32.145267
-92.134192 44.904486
-106.866591 43.47164
-96.638634 30.156867
-93.506273 46.626461
-98.411793 45.968606
-108.477867 36.988745
-85.233705 45.473354
-83.783763 41.412014
-115.0188 32.750386
-76.970431 45.339282
-79.608308 28.274644
-111.737978 44.468231
-119.259411 29.375744
-103.34064 40.075384
-109.317391 35.71007
-88.443581 27.87093
-122.203784 35.421064
-84.98798 27.173564
-85.274487 40.732882
-81.151293 45.891836
-73.037703 38.695634
-95.751001 39.404666
-97.457289 46.317679
-88.269323 47.846652
-121.007189 46.989294
-113.69229 43.405537
-94.735123 37.720556
-80.430078 40.079353
-76.159954 44.878388
-70.882611 41.745886
-107.879151 43.995881
-109.821056 32.673162
-74.255649 34.025103
-88.798262 29.198096
-118.864725 40.19298
-101.093598 35.781819
-100.130658 45.880084
-113.330985 48.015404
-114.829588 48.349775
-76.600431 28.986455
-118.315642 28.282767
-115.570102 36.286173
-77.035346 38.823058
-74.53842 37.611363
-101.139443 31.855955
-69.59263 26.114532
-96.41785 33.905361
-97.874017 40.967003
-81.098303 44.999775
-74.737135 32.923266
-100.656572 26.080513
-122.79125 39.955394
-71.220231 29.765642
-106.752497 48.030047
-105.872505 44.718238
-82.591441 43.148317
-105.671491 37.223625
-91.514132 44.723246
-92.194948 43.185182
-109.484086 35.731216
-111.571105 27.203853
-108.378182 38.552841
-111.977743 35.689851
-68.384728 26.056733
-95.851051 33.412668
-94.643632 40.682788
-72.924849 34.569348
-100.358314 42.942144
-105.091696 40.427844
-79.377817 35.871559
-116.088562 40.074582
-94.540543 34.573273
-100.698251 37.030669
-120.753344 31.067949
-121.771859 43.29143
-102.324388 42.885045
-79.212153 45.99735
-95.107243 32.379038
-76.795067 27.982009
-75.051877 26.826557
-118.378819 30.632854
-118.634498 45.614108
-108.429382 46.164393
-96.09659 28.22193
-71.987013 29.513012
-70.42438 31.784496
-121.33573 43.87226
-113.706064 30.349969
-106.239285 42.180814
-88.051984 33.763522
-88.964929 42.438904
-118.099526 43.280122
-111.438441 43.149704
-119.628071 45.536291
-93.740271 45.275711
-104.250491 44.294323
-120.824901 30.329407
-71.77559 33.02748
-123.827995 27.880805
-76.594588 35.775906
-111.600745 31.599237
-113.315409 32.951992
-79.076891 42.220321
-104.670272 38.089999
-101.222329 40.294582
-71.359738 38.471847
-75.182667 43.123624
-104.800454 34.022401
-97.154925 41.698115
-80.375846 47.873672
-76.503525 39.995579
-73.924771 35.162909
-96.732434 30.998316
-112.84571 45.752234
-96.134713 31.504187
-88.878432 43.857287
-79.015548 35.541709
-89.455485 33.461304
-92.605758 28.689391
-92.285163 46.343606
-84.364301 43.321926
-108.422951 33.773781
-76.525822 28.33823
-107.436557 30.04112
-77.656875 25.729005
-97.834951 44.784516
-101.193556 38.969231
-78.110766 36.825441
-92.257672 29.766235
-108.115488 26.32558
-87.935986 37.826352
-109.130005 31.028833
-97.630147 39.673918
-71.718149 30.720164
-93.962111 36.64307
-93.906954 47.358047
-85.818187 26.835255
-106.440427 33.220903
-120.866094 39.149504
-83.922075 48.285883
-68.969336 45.872657
-101.791776 35.213684