2000 2
-90.890712 26.961063
-105.987377 47.119278
-115.890069 32.575649
-124.811006 26.400576
-103.36549 44.839516
-96.579318 47.905569
-73.184968 44.391957
-90.858319 28.365132
-120.455776 28.85772
-82.813394 47.244574
-121.160933 32.423232
-111.731393 32.170374
-124.596107 31.49366
-69.996592 42.387156
-110.365154 34.562592
-121.778858 44.311296
-94.838558 43.854289
-83.42473 32.394058
-72.467088 42.707293
-73.248356 47.252479
-92.62907 32.443979
-120.918924 28.543068
-104.410029 39.435974
-77.45031 42.414477
-70.772554 38.826414
-111.919104 35.075862
-68.276338 32.318251
-77.599491 31.430299
-116.151186 33.101507
-81.808933 38.128662
-111.230345 29.916588
-89.466127 27.544576
-113.979771 44.472861
-123.593151 45.558682
-111.813409 35.644721
-68.935429 36.330656
-72.896838 47.39261
-86.306786 30.712457
-93.309746 33.018731
-80.795175 45.599938
-86.183841 41.899287
-100.605756 29.988766
-92.388676 34.920715
-85.087243 27.969907
-105.304796 33.516789
-82.980367 42.344733
-119.274219 41.963283
-99.246023 38.721348
-122.856887 39.833888
-114.510769 29.814509
-91.282039 27.843382
-76.126618 43.129126
-97.338309 35.91413
-98.149053 39.432247
-96.407629 38.729476
-106.579109 37.969137
-76.985097 47.533827
-113.668676 39.68135
-104.611731 44.382781
-76.968915 33.595153
-79.599076 31.664946
-73.135409 27.771599
-102.425461 33.679104
-82.639586 27.400776
-95.303824 44.687111
-121.576309 32.854704
-72.628986 43.243261
-114.748942 44.410173
-99.789346 44.913058
-124.705345 30.634913
-104.718119 32.613351
-101.159699 36.679879
-121.197547 32.386552
-103.034556 26.585176
-71.95182 37.652604
-123.129909 45.710444
-118.982706 41.991396
-82.35044 37.930341
-105.076487 31.131241
-76.32858 37.347085
-122.823478 48.258156
-99.294984 39.631442
-116.91006 47.862332
-121.556451 29.840719
-83.82296 44.502141
-85.052791 34.202622
-92.398264 27.047567
-110.250797 27.602962
-114.126616 34.569016
-87.201066 29.606599
-77.400807 34.783767
-110.929937 26.401136
-84.225724 30.457012
-100.707497 35.215428
-77.304315 47.370844
-93.314158 30.043408
-97.641135 28.151712
-78.566759 41.381085
-93.306272 43.83946
-85.213858 38.187689
-95.816185 26.273761
-122.543734 45.629172
-72.253129 31.289134
-81.875256 31.150741
-100.422023 44.127957
-112.903827 45.482542
-96.814156 35.816831
-91.537163 44.554657
-93.958718 40.132184
-122.593258 39.796797
-92.986917 36.565086
-76.983904 34.911004
-120.708625 41.870786
-122.052295 30.801915
-96.164997 35.79212
-87.417358 40.70391
-123.509961 44.234147
-73.27847 27.501227
-73.196821 48.004151
-77.668976 41.138332
-71.765821 45.796534
-83.908909 25.797687
-86.86115 42.455342
-121.958412 41.207166
-120.672448 35.48867
-107.647466 42.493136
-79.534049 27.678107
-79.584182 40.47921
-78.192855 39.905096
-75.915932 26.752907
-83.586873 41.769713
-108.555696 27.751506
-118.157767 26.119605
-82.250854 35.255016
-124.567256 48.351725
-71.854042 31.929041
-107.469442 41.735867
-107.816788 47.090018
-72.754043 38.197033
-83.855023 33.578081
-92.347964 28.173118
-113.055325 47.66332
-106.309903 35.712341
-70.810626 28.494591
-112.711397 32.084796
-108.424343 48.07582
-124.228452 45.434013
-79.001083 34.498902
-111.963577 32.732514
-74.916297 42.249231
-105.797756 28.990992
-101.964391 45.349365
-93.896246 42.781492
-87.405302 45.319275
-94.259162 30.288717
-73.431527 34.21322
-75.226358 36.332231
-116.094226 27.893685
-71.472666 37.644865
-84.001499 47.60084
-93.256146 44.415638
-82.743024 48.026015
-92.045693 38.776755
-91.131792 48.264523
-119.515925 34.980858
-93.43872 26.93801
-112.331381 47.642767
-120.438123 47.268191
-69.786949 39.680131
-112.97793 45.014563
-94.888149 27.165597
-88.924661 41.283492
-113.227364 26.799584
-121.221998 31.674208
-117.302253 47.514935
-105.646751 39.45478
-93.061573 38.676372
-112.77988 27.534313
-82.450774 29.035117
-121.2005 38.700284
-77.912504 47.054441
-110.946461 35.009365
-120.904324 41.95428
-84.764796 47.711745
-93.811783 34.714459
-99.251069 44.667947
-122.161399 31.772735
-119.368856 42.612215
-91.908815 35.395635
-70.617055 42.075134
-104.352265 26.498822
-76.104828 26.0039
-92.556158 35.971459
-123.02299 40.165248
-106.613402 44.261268
-81.730654 30.417161
-80.269858 29.983119
-87.880599 44.208284
-114.473261 40.392417
-88.092009 36.584269
-115.438988 30.3474
-110.049094 29.274865
-74.860172 39.283247
-96.949842 44.916438
-108.056588 40.381696
-95.858823 34.354064
-97.084023 29.960466
-86.425409 26.22923
-124.27066 42.250619
-82.036473 31.344813
-110.984012 34.177494
-119.542672 45.772075
-81.935856 36.477859
-72.339981 33.832982
-72.49954 41.586178
-105.800441 45.099834
-103.814146 32.312897
-97.334744 29.623644
-100.943563 27.727875
-80.838398 47.86458
-71.432552 36.997863
-120.269862 37.241954
-78.121146 28.694039
-120.392112 35.429728
-95.619762 39.959076
-88.93218 28.700013
-123.943109 45.334636
-112.33263 44.15532
-69.883583 34.270729
-89.728464 40.681996
-81.284656 33.019176
-122.130837 45.790644
-123.357058 32.696978
-101.652175 33.08257
-89.663958 44.90439
-78.217105 43.34808
-95.146867 25.950295
-85.392161 48.598017
-107.998437 36.054629
-105.868688 32.592019
-110.239343 34.333103
-114.721511 28.843275
-105.085962 38.877636
-90.066116 30.059317
-100.999446 39.650038
-76.398859 29.171326
-83.267455 45.703686
-99.174546 47.138793
-101.381688 30.436057
-93.300448 33.019157
-97.341208 35.519873
-96.787245 28.481669
-118.1883 42.187064
-94.112874 46.626616
-109.722762 47.105465
-77.352958 27.330881
-71.00569 28.001657
-106.032046 28.531754
-91.429772 28.55593
-81.319663 42.794069
-124.367377 44.348247
-111.988079 46.522431
-85.965304 26.613936
-99.520903 26.78451
-108.421438 31.805535
-105.123361 44.570816
-93.730397 40.262089
-117.462589 43.817653
-90.183783 28.711038
-102.547478 39.22924
-98.828224 30.974778
-81.84645 43.032002
-121.202995 27.26253
-83.296963 27.920716
-102.854954 45.107117
-92.054483 39.334675
-68.638701 45.888101
-73.162439 31.32489
-123.074515 45.72097
-81.471845 36.387087
-104.18237 42.384105
-119.227265 29.340011
-76.060571 43.220652
-72.148229 41.522652
-124.100075 26.330589
-94.560155 48.123062
-94.842112 33.849235
-82.73425 47.682396
-84.378888 45.576907
-91.920282 40.367207
-118.073808 30.382367
-75.325551 26.347898
-109.58952 32.076932
-95.443167 44.994535
-109.226992 45.137504
-74.308461 30.208443
-83.004208 39.008343
-75.518895 39.119311
-69.654824 30.441881
-81.298948 31.446838
-79.199144 47.651931
-88.035465 39.211496
-82.053703 36.556973
-116.369538 27.64003
-81.940955 46.855357
-91.316105 28.386267
-92.827172 40.231304
-90.021763 39.409242
-70.788232 45.988397
-116.84939 41.752389
-69.492666 37.718216
-82.723558 26.14476
-81.140728 48.056864
-86.961392 38.833201
-100.029903 41.395021
-73.976095 34.184843
-74.114857 37.301579
-114.398248 40.399825
-104.484073 37.641069
-107.075656 32.061879
-92.842486 46.757624
-93.115143 29.923571
-105.20724 32.567054
-110.948769 26.837506
-79.827333 44.297006
-116.423779 38.528318
-92.741817 31.536184
-88.31229 36.422311
-74.158926 42.929367
-97.465031 40.39288
-108.175957 41.069047
-120.474219 36.379922
-90.590719 44.718171
-86.483602 44.867423
-70.566066 28.847238
-104.649215 38.680403
-68.422662 38.930006
-124.047668 27.014468
-90.418164 33.103082
-84.541687 40.135296
-74.671466 42.837017
-113.761007 30.122417
-93.76543 36.282427
-119.821443 32.121322
-75.750247 39.738328
-86.088796 30.62168
-120.309675 37.659303
-90.847422 28.669047
-111.147486 46.729761
-92.44531 32.872743
-88.216737 35.306561
-123.681961 42.916929
-121.311534 33.314976
-98.401088 27.73022
-98.854242 47.0656
-88.710681 30.42696
-112.779534 32.54335
-71.035965 28.641862
-91.6383 48.22008
-80.864129 44.896369
-70.061816 35.166354
-110.068088 26.327296
-77.813698 43.855505
-82.604246 45.871241
-83.195938 28.642011
-68.625341 31.693372
-113.428514 48.132451
-122.389766 37.255767
-80.915093 34.252258
-81.141736 28.335245
-87.017115 26.986954
-115.729881 43.385582
-96.33083 44.792243
-122.022582 31.96166
-70.445076 48.149354
-99.183367 26.875559
-88.840936 27.682327
-101.77042 38.298491
-91.445745 31.041102
-117.703516 37.138366
-77.486852 36.702655
-124.85691 41.420375
-72.654036 44.683415
-92.649398 30.189068
-85.144369 38.76906
-121.018599 27.936182
-118.553006 45.89002
-72.456731 43.128172
-73.830123 33.065467
-81.025851 47.548559
-73.255155 46.83944
-123.99206 31.52241
-122.099607 41.718614
-70.465005 47.594759
-72.740121 25.714011
-99.329711 36.969181
-103.209802 29.661443
-78.932278 44.82925
-91.092605 39.064677
-119.746082 47.305496
-85.93439 43.574076
-78.139833 38.195812
-98.128959 44.167376
-82.779987 42.716821
-71.014327 41.838913
-71.187322 45.308854
-104.855635 28.617355
-101.460641 37.822662
-116.993531 28.470116
-114.619115 28.585094
-72.672839 38.02332
-113.346058 28.361223
-117.429168 46.267918
-96.294338 43.900564
-119.393554 36.529437
-100.538605 34.125014
-108.013287 26.29909
-96.907982 30.684931
-85.225459 34.529962
-101.817724 47.394226
-101.946668 30.999337
-93.111157 34.711656
-97.936788 34.306803
-77.466449 26.52147
-93.21501 45.303645
-103.224223 30.221256
-110.716663 40.644283
-83.946722 37.913641
-87.360413 34.040047
-86.102722 42.592576
-119.051434 41.089755
-110.520557 39.697512
-100.646587 27.327449
-111.248765 40.094499
-84.169263 41.445929
-115.337868 28.775923
-105.603883 33.427021
-90.277102 47.965302
-84.227016 27.470122
-86.107878 44.247102
-120.205238 36.139884
-73.22935 28.410884
-88.573225 32.447766
-113.579383 37.921715
-77.187223 39.912227
-89.326123 33.292775
-99.008337 35.939387
-89.706447 26.298299
-89.841424 45.074738
-108.396133 44.290325
-74.48996 39.233537
-103.718963 33.367694
-119.249694 37.018905
-86.749553 40.732275
-89.48768 37.824892
-78.67783 37.298822
-71.287819 28.270301
-69.609093 43.362053
-99.875503 37.654116
-120.468129 34.480785
-104.725046 39.183378
-102.394483 44.375251
-88.361489 40.057016
-120.815171 28.799742
-93.322291 31.856315
-104.156211 46.169581
-83.504513 38.118128
-81.744461 46.390422
-94.307431 39.082237
-85.889443 43.458841
-120.259852 42.022062
-91.192147 40.85361
-88.60333 45.0005
-78.952308 28.027677
-88.783251 28.9861
-103.807961 31.494173
-79.224262 34.461326
-100.494509 30.641589
-73.475538 45.738352
-82.877141 32.022853
-109.571582 47.76862
-84.344627 47.213701
-103.034079 31.11853
-72.733579 35.87166
-118.815253 31.905636
-97.960999 46.477024
-100.866052 29.71567
-112.784675 45.953988
-89.181007 44.225423
-84.870795 44.492127
-74.345139 38.984743
-102.751051 42.865893
-75.007523 45.585743
-119.011607 31.60454
-97.595221 32.308629
-123.533878 36.969637
-96.036789 32.771155
-110.492953 39.076946
-104.947601 42.955979
-101.906916 27.693905
-112.584193 45.846812
-98.537655 43.838205
-71.960232 36.701783
-79.459779 38.148519
-95.009044 32.246404
-103.731088 27.691524
-119.945286 34.528833
-103.87929 26.538896
-120.25896 47.956601
-81.824918 34.830575
-98.467605 44.530132
-110.569806 28.801548
-78.001274 35.402255
-108.734643 47.666745
-70.634007 39.79248
-124.088614 39.318796
-98.735133 31.714621
-115.802831 40.626784
-112.937638 41.758245
-78.100454 35.504199
-113.630997 42.724682
-115.811141 43.813185
-76.133603 48.429647
-95.258805 27.5135
-95.252441 31.548885
-83.940214 38.212916
-78.261055 48.570104
-71.932864 41.815616
-76.825351 36.724765
-105.953966 34.464311
-119.301173 32.874772
-83.840846 44.468006
-117.734934 30.375484
-78.853532 35.239291
-73.102709 37.290577
-109.846138 45.593042
-106.956693 38.198282
-89.977656 44.145671
-87.318542 28.287793
-68.980764 35.974414
-107.910919 31.303581
-81.383253 47.011161
-124.691323 36.429852
-124.376305 34.283616
-112.252175 47.139332
-92.515661 34.103199
-84.215728 43.007729
-79.731187 26.187772
-95.224942 43.829516
-77.892711 34.055872
-102.073622 32.590994
-120.32489 44.821333
-76.58703 44.267687
-73.584667 44.695657
-79.460758 34.308369
-113.685375 31.427174
-73.224386 48.497229
-92.029739 40.113659
-85.259031 45.758855
-88.817431 44.055056
-80.682719 28.135321
-105.86248 34.334277
-93.350058 29.225652
-95.044522 37.899358
-88.132752 32.715622
-102.430555 41.077221
-83.364421 47.137427
-98.644259 37.528466
-124.155724 45.54949
-92.898858 30.96313
-124.826737 39.52437
-115.979507 40.563207
-109.591583 35.37083
-86.689647 31.861895
-111.472276 37.626963
-122.484513 39.169364
-103.706991 40.967802
-110.489781 46.307115
-88.581155 45.825341
-115.621739 31.242347
-88.384922 28.760178
-78.176989 34.012355
-93.598916 36.50563
-103.643866 45.545368
-118.795942 45.386521
-118.746146 35.804923
-70.737234 33.036876
-117.825289 36.572727
-82.421546 46.386563
-108.134268 34.185307
-120.396526 34.243168
-75.601422 26.26112
-73.419022 36.50599
-98.788015 32.091617
-122.901557 42.006258
-97.136835 36.465438
-91.705377 29.093119
-117.727196 30.185683
-104.49483 38.029029
-75.912783 39.697889
-75.407993 48.121343
-69.080103 34.339654
-101.974422 47.254284
-113.025973 35.952438
-77.856457 39.269982
-80.377605 45.385791
-69.590842 45.720154
-91.25556 37.740656
-120.7783 32.803157
-101.459808 45.486866
-105.571128 27.69709
-93.105703 40.697761
-120.206198 28.478382
-107.759153 47.011832
-87.893157 42.334707
-86.45762 31.477472
-83.453134 44.330837
-103.16675 34.911784
-114.393671 28.732899
-103.491364 36.761065
-80.353097 26.446201
-72.295615 31.115731
-111.550624 27.077698
-99.59983 32.206134
-110.958656 25.721072
-79.21228 46.304028
-98.885822 42.784819
-119.135779 35.001526
-113.87268 40.148693
-76.011956 37.435916
-99.341884 38.685582
-88.141532 37.744491
-97.566767 33.478006
-103.709545 33.038609
-78.792802 46.490444
-103.989494 39.515833
-70.996631 37.056938
-81.703457 46.859571
-89.968474 37.76574
-102.447699 41.163326
-118.342367 34.59745
-120.215404 42.790329
-119.486057 33.114755
-121.308584 34.954444
-115.433427 47.817767
-121.171252 41.532358
-85.539584 38.877217
-103.773926 44.803469
-71.080634 26.554095
-73.177275 46.562528
-121.566385 45.300911
-123.683974 47.361411
-122.055864 38.868453
-103.974261 31.018116
-104.07589 40.923194
-87.986388 45.210715
-98.298034 41.763306
-122.644148 45.351721
-95.090642 35.25004
-76.994577 40.305766
-97.729601 38.179942
-103.757496 37.419898
-123.1236 45.233101
-86.767409 29.277122
-121.160731 40.196396
-114.263591 36.757012
-124.049339 28.345414
-96.157598 34.025939
-119.887946 38.292677
-117.307344 38.116399
-75.210426 42.981046
-113.29661 27.619967
-85.813482 44.132561
-122.579337 26.825819
-118.153192 38.294411
-86.603345 37.074419
-84.469217 33.499538
-88.495618 31.305927
-98.324213 43.096111
-105.247905 47.264607
-74.675012 47.825585
-79.376354 48.462472
-114.022322 37.522858
-69.215511 28.874144
-106.671101 48.416149
-69.544052 27.76042
-98.469793 33.796606
-73.589229 33.030992
-100.301407 44.583087
-106.992281 38.615099
-119.159989 39.620579
-88.377107 30.60383
-83.276921 43.892252
-94.8973 30.613175
-100.957281 29.30152
-85.534452 35.73703
-121.053591 37.11261
-106.030484 29.438887
-119.307646 34.788884
-116.779514 31.922929
-80.69047 28.405213
-121.225726 47.775908
-79.585315 37.42432
-92.038659 36.010035
-124.469834 40.55615
-75.896694 34.750343
-119.844216 30.340343
-73.508547 29.175772
-85.733714 42.667045
-89.935675 26.528014
-89.486541 42.175426
-105.46726 26.778719
-110.094604 47.435881
-85.486531 29.543735
-77.742889 40.570055
-114.370492 45.954034
-75.859323 35.480576
-97.816409 42.00828
-100.283543 32.330058
-86.944203 44.43006
-72.359221 44.330384
-98.973378 35.580509
-75.837974 36.855692
-94.098305 35.610128
-106.107245 45.126239
-81.315515 43.397286
-100.628038 43.748554
-77.309129 28.124214
-69.960138 38.01875
-73.891521 33.185141
-114.825459 35.381673
-85.663649 30.472255
-95.984815 26.677341
-103.748097 29.333835
-68.867229 28.183506
-72.685691 35.684944
-114.438241 31.601841
-111.973182 45.334388
-72.845565 46.210113
-92.251457 35.36521
-117.275744 26.659938
-113.24317 36.75135
-69.616889 33.203186
-93.692697 40.891774
-105.90193 34.67733
-89.455741 33.775697
-85.351974 26.637769
-73.03919 41.673065
-101.874013 33.969792
-119.235641 45.156777
-99.284455 35.064796
-90.797263 35.842876
-86.28578 36.592427
-103.784189 33.659446
-112.254549 33.462414
-88.001428 38.565549
-81.941285 36.181735
-79.798117 41.941813
-81.81862 35.506243
-106.54224 42.232625
-104.207691 38.336278
-116.347696 40.081526
-105.315149 39.460122
-69.816817 41.577291
-79.579565 35.123202
-79.728868 40.643602
-118.818346 28.453854
-82.45258 31.63356
-103.313288 37.639795
-99.875951 38.564779
-80.471742 33.656156
-75.175352 26.647145
-107.4318 34.004898
-119.989588 33.580859
-121.805274 45.626232
-99.244994 36.264405
-118.649083 28.388755
-117.211552 25.951992
-121.400384 42.971728
-99.072229 30.999833
-104.886865 37.114997
-70.109878 26.829498
-91.067391 36.341687
-70.253499 48.345407
-89.27699 35.25716
-83.617718 34.721231
-100.079866 40.162352
-106.290511 44.813285
-73.205886 39.913692
-94.630699 35.595273
-83.979774 31.702524
-101.186022 46.949585
-109.360097 26.444374
-82.606423 41.652371
-74.548422 30.297023
-71.143546 35.451599
-92.749431 39.049101
-95.947141 38.637484
-90.132879 38.358226
-111.633851 37.585754
-114.639017 35.528428
-110.165173 38.019481
-102.539928 39.500854
-85.39224 38.31241
-117.730449 28.645952
-97.68788 33.965129
-73.047922 31.623114
-72.946037 41.433462
-81.223205 48.184384
-89.068146 38.869444
-119.895698 34.046542
-70.713615 47.343151
-108.953536 46.844243
-82.692319 45.149538
-84.516522 32.963643
-108.776465 45.804918
-101.508629 42.207079
-75.227278 44.397606
-122.306917 33.330405
-89.515571 41.263498
-88.672152 43.687705
-106.04658 48.194097
-117.057012 32.905467
-86.653008 48.005606
-84.074905 46.692529
-111.099006 41.086235
-82.410101 42.829863
-82.98959 27.858503
-83.737174 36.327773
-74.520436 47.322804
-81.61419 31.510088
-69.330615 31.887894
-112.037228 46.033445
-72.593041 44.131219
-95.485114 36.121978
-115.094446 40.391184
-78.85682 35.508276
-97.764498 28.435187
-113.683293 37.868925
-94.002824 43.725478
-103.030041 42.513166
-124.773836 27.629666
-100.879979 37.019148
-92.859608 25.926031
-87.638275 37.015733
-95.125009 30.0747
-95.117378 36.60073
-110.445163 34.422192
-116.591035 45.726527
-123.544535 31.188478
-96.902833 37.030021
-70.000792 30.512991
-95.338968 32.961297
-101.123982 26.201968
-94.666478 26.96406
-102.6313 36.671509
-93.619409 38.448122
-78.47164 48.233489
-111.407107 40.394822
-75.936958 35.268736
-122.494813 26.473816
-94.958957 32.900796
-76.819348 39.202288
-121.219247 33.974865
-118.982438 43.22341
-98.838389 42.106123
-81.726774 29.330062
-96.111604 43.556327
-78.455182 39.126203
-89.585393 29.93982
-100.906555 38.481271
-109.951565 32.708206
-76.842469 29.197719
-98.624779 28.303383
-123.061465 38.363378
-79.587466 37.463933
-78.482731 37.247677
-69.819477 28.920044
-124.119219 45.996434
-74.049096 27.221051
-101.071664 47.622467
-87.950287 29.134991
-122.094588 27.02499
-118.727889 47.736797
-72.765622 30.607913
-90.533525 28.241124
-92.713767 31.562467
-105.750145 36.081313
-96.039447 48.419026
-109.803496 34.405032
-68.824078 26.911167
-82.646809 35.760779
-111.886167 28.432572
-96.082373 37.306644
-85.942968 33.60158
-107.589939 25.789404
-98.032027 30.40339
-111.906303 38.555816
-91.688276 34.163854
-122.713073 27.003226
-68.794045 25.838564
-83.326217 36.540506
-93.307438 26.387405
-115.242297 26.414093
-120.481001 34.979024
-86.009426 46.688192
-109.099004 42.98417
-114.917381 45.199508
-113.528757 38.724673
-84.490116 44.149252
-123.547699 47.887395
-70.03974 37.251344
-92.985489 27.175619
-113.580891 39.498335
-71.720904 47.270864
-108.273469 45.497841
-109.853504 27.129735
-111.136018 29.863229
-84.474069 27.663105
-84.490935 38.443968
-93.771158 35.245024
-112.495887 30.738348
-114.321949 26.983728
-98.756316 27.546973
-107.326225 35.199398
-73.175919 41.842968
-103.755044 46.393552
-79.211097 39.739504
-98.900576 29.90822
-83.964595 34.959901
-91.666606 33.457687
-94.272888 32.867751
-69.670569 31.726705
-68.896492 45.790575
-78.875528 41.521751
-89.278701 34.394125
-98.764147 40.803823
-116.617956 44.692097
-109.527017 34.220604
-120.239388 35.212371
-79.092713 43.571406
-69.44521 37.704076
-116.864178 46.636589
-90.134772 30.593079
-116.459387 48.658922
-69.70699 30.064351
-82.014899 33.52904
-84.183217 36.977774
-91.286664 31.467063
-101.23301 32.682973
-114.312824 36.517064
-103.349725 39.880862
-101.306728 47.364263
-88.394632 48.54007
-124.405197 25.80651
-82.823403 47.300789
-112.881849 43.093937
-91.200454 43.292925
-109.987846 40.491771
-83.25994 45.661595
-109.390629 32.696914
-90.234223 29.841898
-123.947504 34.03462
-79.569109 36.679171
-74.171382 35.499812
-110.510418 28.915525
-85.047308 43.970714
-90.104551 26.514368
-93.488302 47.708554
-83.298352 47.313599
-99.740553 31.474729
-73.57836 37.617715
-70.7791 28.085951
-96.716043 32.959567
-79.080224 30.696906
-109.167711 45.898651
-82.166837 30.037126
-105.938105 32.073899
-118.656604 33.226657
-112.807429 38.213554
-105.606789 35.667286
-101.2603 41.429729
-117.664026 41.621797
-106.454952 35.064475
-98.710421 39.090054
-92.170049 28.342016
-104.918584 29.662857
-111.9181 33.431385
-89.617877 40.835548
-114.056514 43.892936
-112.171912 40.168095
-104.899741 27.292562
-118.568867 45.572856
-122.334937 26.687882
-93.178249 36.759196
-100.945715 30.292722
-110.08005 40.889092
-87.515327 48.56066
-104.807161 45.53867
-107.545369 45.31983
-123.473833 33.592131
-89.55299 48.627527
-102.423297 38.729212
-101.511738 38.65376
-111.757921 26.569633
-89.048534 38.655834
-85.716309 36.700498
-76.189085 44.028506
-69.824344 45.73681
-118.900757 36.158986
-95.663559 40.556066
-114.986818 39.047504
-103.354376 31.238104
-100.739103 46.741913
-123.050281 31.275383
-103.226903 40.570507
-84.182498 36.991939
-118.948492 47.378398
-80.005223 40.285232
-70.274002 39.662427
-119.589875 27.332187
-102.692528 47.048098
-117.723565 37.217973
-107.90493 41.513705
-109.193812 29.292821
-113.876326 47.607808
-104.578508 35.30366
-74.12113 41.652538
-117.338509 26.960021
-100.255763 37.719844
-121.836248 40.319709
-71.996707 48.491755
-76.856582 30.585272
-103.700211 38.367431
-69.4308 44.749233
-104.147371 36.336521
-83.287482 37.133399
-80.732956 47.484796
-108.018146 35.524649
-117.813017 39.078754
-87.149194 37.919039
-110.347327 31.846207
-93.32927 44.05394
-81.780087 25.761591
-107.047985 31.243432
-97.472616 36.674794
-100.360487 46.87346
-113.492376 32.089606
-112.473413 36.370192
-90.991735 27.448757
-80.112501 34.95768
-116.172906 40.879722
-102.896967 35.211994
-99.063366 35.819518
-91.882739 40.693059
-117.735269 30.658899
-92.592608 26.184865
-121.6955 37.885678
-108.816175 43.627638
-73.439718 45.443435
-94.352696 41.99191
-69.40499 43.822381
-121.511679 32.895154
-75.45785 32.696875
-82.019885 47.367111
-108.275202 34.250657
-89.11665 29.027068
-101.735748 32.944956
-93.877702 48.100757
-124.691295 40.419638
-77.017224 30.837284
-104.827559 28.414529
-97.661387 38.851687
-78.325014 29.832119
-109.221752 33.981528
-106.245464 32.425177
-124.019912 29.229688
-85.994122 36.921782
-77.971723 30.211927
-98.449647 48.177182
-92.753227 41.297642
-113.220558 45.763646
-115.84831 44.244071
-115.901767 43.34157
-119.770299 45.243706
-69.544074 26.06665
-71.297432 40.493439
-120.664011 31.068555
-72.789341 40.830426
-96.753646 28.950881
-98.721289 37.317435
-73.584592 40.280771
-116.950927 27.450915
-113.529689 42.117932
-87.755997 26.332224
-69.02683 48.325488
-71.994032 43.166067
-122.083614 28.163038
-70.119979 42.381682
-114.342323 33.248809
-98.519627 47.182612
-72.217358 42.728496
-103.237968 48.531308
-110.235782 43.299909
-90.934664 31.492108
-120.590203 44.059752
-78.02626 38.41838
-118.078666 37.190062
-101.700942 32.807087
-88.464173 41.924547
-75.925111 44.064669
-103.878856 47.067452
-81.720309 41.491878
-92.002079 31.322178
-81.088801 28.7221
-82.337952 39.836405
-99.326493 44.324399
-73.78657 33.449251
-93.662146 45.614862
-118.552695 42.824714
-109.681207 41.342963
-93.673097 31.442971
-122.05392 38.492635
-73.332165 39.759924
-116.79747 38.208842
-120.122074 30.453377
-98.934522 38.896177
-112.23351 36.206065
-70.490119 45.328008
-94.90794 29.969357
-90.188585 40.622528
-83.968933 48.47914
-69.753024 36.394815
-74.351291 47.906212
-116.267445 40.018559
-117.363047 44.475115
-82.09905 45.520211
-71.082917 33.596282
-103.633447 27.274132
-113.490155 48.094397
-95.150521 34.061312
-114.819303 43.60891
-81.550749 39.088557
-106.208807 44.879404
-109.770136 40.871681
-75.571502 41.301553
-94.726668 37.109229
-89.995799 39.495449
-96.757937 43.268374
-79.833998 46.172017
-113.206627 36.255579
-112.877464 43.053455
-85.07111 35.301619
-69.933279 25.902226
-110.326027 45.660015
-91.959452 46.277688
-98.44665 32.059999
-94.865199 37.909285
-70.010333 34.622046
-98.833991 37.59489
-124.191554 42.919411
-71.058088 48.15419
-108.265814 45.546836
-122.118162 37.129241
-97.985505 29.747628
-106.925198 39.231863
-112.761922 43.944934
-110.006047 30.213358
-97.193717 29.406526
-84.430789 34.019556
-111.09004 28.779926
-87.938824 33.813872
-80.844566 31.649425
-108.771047 42.892668
-124.140515 39.945015
-70.829181 29.857763
-106.211941 45.914616
-70.915181 37.832303
-92.485627 48.540524
-119.324706 34.435742
-103.583184 31.426424
-104.678035 26.44269
-71.831235 36.519732
-74.605694 27.940768
-77.137111 36.5737
-123.707165 28.115206
-89.665075 38.222451
-94.90291 30.596363
-115.852146 32.513078
-100.55713 47.295997
-103.136109 43.395241
-91.041865 42.376049
-107.698306 46.868613
-112.377135 30.263902
-115.217978 36.030343
-120.621489 35.26441
-81.470509 33.707101
-104.045605 40.039756
-107.309835 32.057411
-91.833354 35.266511
-87.77136 26.842971
-74.327803 41.868835
-106.986384 44.985587
-124.512305 43.921788
-95.90625 35.667691
-106.050373 43.965327
-109.076069 38.544261
-109.45062 43.15204
-93.329569 36.78654
-72.899081 38.048575
-83.770534 27.326132
-113.252641 41.058181
-70.142745 28.930882
-114.271413 32.526714
-69.290192 32.068036
-69.719257 37.520348
-98.165632 37.879866
-94.961506 45.349158
-94.534055 32.672065
-75.063899 32.004392
-121.529035 44.647247
-68.687867 38.246252
-88.31217 34.096369
-73.622004 26.770285
-80.309241 40.995892
-93.899857 38.799049
-100.615725 28.626882
-84.101821 39.895937
-81.320927 33.399159
-77.426231 31.908486
-69.145075 36.46302
-91.636286 43.670401
-114.346781 37.325534
-99.942546 42.662854
-86.101618 41.911796
-71.966161 36.271787
-80.193196 32.320565
-95.508533 31.339768
-90.597366 30.85686
-113.926111 35.63056
-83.298732 36.096889
-79.247572 40.173398
-111.37392 29.392989
-76.178726 32.234388
-83.741538 29.829498
-79.187059 47.924553
-123.033675 31.335778
-87.594211 48.379457
-101.12885 35.043541
-114.586561 38.329109
-123.900598 29.67221
-119.964464 34.511981
-84.560031 45.623241
-106.255564 36.050512
-82.277707 46.167214
-90.026094 42.728086
-119.265758 30.669328
-107.948092 42.346354
-118.563285 26.086041
-108.69369 35.922406
-96.38525 30.497912
-108.373517 39.388091
-71.105682 29.95202
-97.831299 45.117408
-119.504321 43.27503
-115.590213 44.660574
-93.695498 37.328053
-114.193802 31.714065
-100.426431 46.215444
-92.463333 44.529683
-77.631271 36.497213
-111.706783 29.057214
-74.152146 45.572029
-91.372493 47.229717
-83.835272 38.819962
-102.217352 36.03168
-79.851411 42.845103
-72.726331 45.999422
-83.696566 40.610436
-81.625893 32.902879
-85.30996 34.012261
-120.598148 26.782272
-83.256394 35.794456
-68.561975 32.555578
-94.452035 26.878702
-109.247739 28.41034
-107.26454 28.299404
-81.384597 37.416215
-82.246965 28.291049
-118.292313 34.044183
-112.982912 40.525821
-120.218625 28.813696
-106.967917 40.915113
-99.227345 36.703725
-84.850186 41.771486
-92.010242 28.159454
-83.047059 42.900562
-102.446367 26.481541
-103.854186 33.477922
-80.373621 44.846582
-107.379414 47.604719
-84.69815 28.761997
-108.464357 32.166637
-97.759015 30.332419
-88.19373 34.412844
-101.052557 27.581817
-103.039628 39.823406
-106.298723 33.443787
-105.151747 45.994874
-71.883665 37.376931
-102.425257 44.851974
-108.901878 47.230328
-74.581178 40.650928
-95.974118 39.92976
-108.678351 45.056737
-116.093281 33.532737
-111.250317 42.066202
-97.756876 25.759119
-105.397525 27.427319
-107.540441 45.979267
-91.499255 44.52616
-109.552504 40.936853
-68.34229 30.464914
-107.599845 37.096127
-104.399964 29.320009
-76.639841 43.96819
-101.516911 26.4631
-68.340904 48.065994
-106.397512 42.864127
-72.913444 28.293569
-110.081459 47.430065
-99.337078 43.479716
-75.108824 26.165923
-77.508807 35.993546
-84.870904 28.663774
-78.726958 43.359848
-83.065575 48.248875
-119.561816 42.014831
-98.481132 48.543866
-107.10746 45.630423
-113.630166 38.835381
-83.754206 31.204344
-121.875572 40.197384
-116.132587 26.336539
-81.532061 33.306995
-122.544783 26.77944
-84.357188 26.204174
-102.997309 43.108897
-97.694456 31.026248
-84.156129 35.442356
-105.340358 38.90214
-101.142817 45.482354
-98.235757 39.33283
-109.251787 47.188544
-89.633465 27.363829
-115.732134 44.638762
-106.459976 33.168041
-84.513033 45.371005
-68.437257 37.063666
-95.416665 47.746211
-86.657231 33.717144
-117.436348 42.006171
-88.542666 32.318106
-107.811557 28.697485
-69.436864 47.553789
-124.600762 41.167341
-101.480197 38.783838
-102.945366 40.714324
-75.060316 48.185892
-79.450889 31.995377
-69.963464 35.72161
-99.680083 43.1334
-88.12618 31.538009
-87.99539 48.094069
-88.845081 26.266377
-107.623623 44.269465
-114.046897 33.001423
-81.141 47.810737
-108.155533 30.586464
-91.459823 33.296087
-80.625799 40.006092
-96.92166 41.640695
-91.797814 46.174748
-116.980269 44.304194
-112.071419 39.530468
-82.522794 37.89377
-72.010651 38.201009
-111.004475 27.594706
-102.046579 39.79376
-119.385603 27.964006
-94.693177 36.515972
-80.962553 28.975487
-112.300783 39.991992
-97.575677 45.031313
-116.955323 34.030898
-80.297619 28.778365
-75.888772 40.045759
-118.441489 39.860777
-81.808803 27.98978
-106.506393 32.93548
-78.487475 31.245418
-118.369922 27.148766
-89.755452 38.881037
-83.649133 44.601582
-91.126388 39.707074
-78.336409 46.926755
-96.15695 27.18053
-72.703331 28.832658
-111.133636 41.537713
-73.376657 35.957483
-94.034683 30.128698
-78.826852 31.128179
-85.047672 34.147353
-77.107727 36.977161
-87.263394 43.250555
-114.373869 39.448267
-76.715729 32.402878
-95.658236 48.630531
-92.062442 45.674724
-115.666874 33.026649
-94.898779 30.041833
-108.26872 26.189655
-76.537176 36.413151
-88.379379 45.598379
-108.935943 38.211608
-117.314146 39.786858
-83.138576 32.054694
-75.000241 29.94649
-96.474513 46.345598
-75.852153 36.822683
-79.32848 31.621544
-84.769373 28.710259
-87.488904 41.693086
-112.957775 36.888109
-120.800667 27.579282
-77.337585 37.492383
-75.014865 38.999097
-89.937966 41.163258
-114.202658 26.442054
-68.796963 33.308861
-90.998225 31.295163
-93.497369 45.719643
-96.115765 36.694125
-93.059847 29.312663
-110.634684 37.307126
-100.264739 36.896319
-106.419726 39.91625
-121.612143 48.508974
-71.108415 25.839508
-69.320342 36.989999
-105.748994 37.118423
-101.652377 33.567391
-76.567835 27.64074
-98.727277 34.327399
-101.045511 34.748782
-73.150408 41.678904
-93.500746 41.437178
-74.632877 30.03039
-115.197067 38.736487
-95.814024 27.7194
-119.123235 44.685061
-69.856942 40.253056
-111.594175 48.140307
-79.924553 46.739655
-100.303292 27.314292
-104.161922 39.669202
-103.771201 27.076008
-117.703583 42.340566
-74.365297 40.338611
-99.404787 37.133123
-104.526452 45.37987
-120.554846 31.540083
-115.172927 32.647904
-82.270911 48.602321
-109.202208 43.423447
-104.244825 40.449743
-94.092322 47.914073
-74.818623 30.873824
-96.389266 26.767694
-103.24241 32.526637
-100.214 45.307075
-83.588363 35.498144
-84.97975 39.158787
-96.644512 40.501532
-98.436996 39.465312
-95.218785 39.536595
-99.837586 28.322007
-114.487338 39.955075
-74.718171 28.763128
-104.518427 25.906506
-91.974679 43.494648
-109.95504 38.056945
-72.96802 28.346721
-90.783913 38.854729
-93.419887 29.998496
-97.808376 41.465055
-72.782209 45.994114
-85.822124 46.900411
-86.570541 41.008939
-76.339142 44.945123
-101.08953 33.05205
-80.444771 46.978074
-119.260117 43.572215
-104.830842 40.341178
-68.698608 43.360466
-79.925514 32.917481
-81.547635 40.729115
-91.748141 42.140268
-83.761971 29.479521
-105.485828 31.251735
-89.23042 37.863601
-96.206325 31.322129
-98.061775 44.680802
-102.868617 34.630798
-83.442671 43.262608
-106.198692 38.823696
-103.196426 47.4835
-107.677676 37.671341
-111.232199 30.885338
-123.437574 37.41611
-109.197475 41.350198
-102.23969 31.766022
-101.537794 31.684566
-108.041751 45.340559
-109.073611 44.987961
-119.611264 30.569261
-95.497482 41.047889
-123.766612 41.274214
-84.151567 41.595257
-118.697068 34.770634
-113.291623 25.75364
-83.905695 26.181925
-82.035218 48.598177
-101.977225 38.425887
-103.414159 31.74888
-74.301326 40.919168
-105.342653 35.609114
-81.944589 40.41604
-83.270385 38.032315
-97.222571 42.690216
-117.08235 44.675878
-106.754527 35.933452
-113.888862 35.355735
-105.430607 28.924943
-86.432408 29.555285
-82.846289 32.366817
-118.48746 28.909459
-78.312708 42.893298
-81.761109 29.416612
-72.752348 31.867238
-75.463879 28.122842
-102.829597 44.44696
-116.990709 31.52273
-81.456763 39.727879
-93.125972 32.177761
-93.427484 47.978322
-74.631555 34.970711
-73.966349 34.084757
-79.476841 29.187311
-124.3678 39.771448
-92.431943 39.052591
-90.748649 42.615341
-99.025212 31.321377
-91.43831 43.500605
-122.026417 46.275037
-72.498731 28.131581
-79.21074 29.64074
-114.144265 43.859887
-116.487987 37.658198
-107.106854 47.867267
-121.02568 45.30111
-93.667367 37.70401
-83.901255 27.625407
-81.401445 42.762875
-93.99915 29.56951
-98.465631 31.480899
-92.999758 48.473427
-119.886291 43.542388
-95.457853 38.448585
-80.242637 42.978152
-102.841491 31.083777
-100.485196 36.870842
-68.539754 30.254104
-110.074733 37.83244
-79.190995 39.199447
-121.988676 28.983738
-80.940719 32.859049
-113.981951 40.84039
-104.98121 42.966214
-79.567665 37.174071
-71.686519 41.197664
-91.565765 30.615135
-71.900643 46.59034
-85.8631 47.317606
-86.710005 26.408883
-96.68552 42.514887
-73.56918 34.37732
-92.885883 42.93667
-89.8718 29.571984
-71.371041 45.003462
-91.452822 37.513016
-81.580439 38.147036
-108.324434 37.360504
-123.332503 41.332844
-85.0266 44.317883
-101.865122 46.675492
-71.129323 44.031894
-99.171879 36.048682
-111.92176 29.102669
-76.89546 46.035715
-114.065674 27.990787
-121.576391 26.453082
-101.969336 37.752173
-84.256384 43.170264
-69.156494 38.497798
-92.621696 34.357919
-108.183539 29.50535
-77.036317 39.757581
-107.38944 39.691043
-109.926777 26.407896
-69.5055 44.799387
-104.930597 42.658769
-96.309596 29.84578
-72.712449 48.097924
-79.805306 32.594288
-115.83589 27.217994
-93.641618 27.810831
-73.305578 41.867943
-111.185431 36.301004
-115.862993 40.929573
-72.65872 34.707338
-118.99024 33.004033
-124.068058 30.140008
-105.058736 31.127233
-104.696252 38.799049
-81.880568 31.382613
-97.44244 30.443206
-107.673135 42.592156
-74.283134 40.300454
-97.460373 28.109844
-106.880399 33.627787
-100.615473 47.548257
-81.429849 45.633786
-76.355126 27.711996
-109.164088 34.996111
-88.960816 32.810013
-107.659013 40.248725
-105.45286 32.328065
-107.555529 34.746342
-115.237322 46.271066
-78.982149 26.667475
-87.113979 31.664548
-78.753749 32.714342
-91.312465 28.232724
-94.409853 34.263291
-73.223493 29.703448
-82.532695 46.051296
-121.200805 31.767146
-113.628204 28.838073
-112.308132 48.191185
-103.022836 39.419943
-100.709098 44.985653
-113.953724 34.129684
-117.447419 48.573698
-122.111099 47.458862
-80.160014 28.424772
-87.912507 30.851978
-110.985508 37.989169
-78.16552 40.323677
-84.911073 34.055559
-88.450139 32.301269
-114.679731 30.763048
-113.169546 37.500201
-105.988095 43.274799
-103.348623 47.89795
-100.433948 45.998033
-122.856893 29.357264
-102.448853 46.89006
-117.855581 32.968307
-118.239402 27.740601
-97.041643 26.477287
-116.595733 42.188515
-97.467483 29.333853
-106.358419 38.847822
-71.834383 37.470296
-68.507866 26.88224
-111.802113 44.477406
-114.890451 28.967317
-107.220461 44.1115
-71.10689 27.213342
-104.996372 48.332414
-96.555983 45.718069
-100.290513 41.58821
-97.216499 29.371465
-124.203816 29.601901
-93.890737 42.732224
-68.577748 33.281923
-120.060212 32.805612
-108.251176 47.793205
-71.20124 31.299322
-110.550891 42.17354
-118.344264 47.609397
-122.203655 45.614132
-85.057213 44.807142
-99.237987 35.520755
-95.352385 48.228533
-69.039195 43.4955
-72.513725 37.888705
-82.862463 28.806058
-112.410005 29.099902
-114.275909 30.847015
-91.340639 36.202756
-70.529664 45.99124
-73.039938 39.921512
-97.633686 37.313853
-88.824239 36.796714
-68.843265 41.326318
-86.698005 29.282708
-76.581471 32.479779
-110.246979 43.57768
-96.225328 46.98398
-105.644481 46.652778
-77.644975 47.599464
-96.90125 37.582131
-76.760951 34.47283
-89.104497 41.799415
-121.301567 45.100635
-84.700327 39.419468
-99.008074 45.587085
-92.994372 27.389929
-89.019317 26.391528
-76.057344 44.602253
-83.657643 40.692011
-89.797143 38.066366
-91.352685 36.558911
-119.181496 40.50847
-97.07664 38.811355
-123.899538 43.425746
-70.709315 36.10548
-96.399949 30.377597
-112.195145 28.945747
-112.50815 42.527639
-72.285651 31.267935
-94.252441 28.70732
-122.910272 41.931353
-78.639491 29.734642
-93.546457 30.403051
-116.650596 32.100642
-69.549682 34.593393
-77.551545 29.762584
-71.891813 34.979607
-118.976779 32.984656
-87.034246 45.896655
-98.033758 47.202525
-109.350417 36.850339
-74.986519 46.916175
-106.912452 38.570749
-106.277319 32.605074
-103.624778 27.2389
-77.065537 28.201234
-111.872371 28.088726
-114.787613 29.512297
-122.314836 28.641865
-106.424615 27.554357
-93.249017 44.603608
-98.167027 29.226575
-84.635594 46.732302
-74.150446 46.993962
-92.060987 31.587734
-81.181711 42.667052
-73.195088 41.803718
-83.531497 32.961817
-122.148743 27.929954
-94.367061 32.796333
-77.045103 32.954573
-70.313294 33.946793
-109.986933 35.236264
-79.277113 36.477025
-71.044438 43.376102
-96.841142 43.020266
-107.728945 31.987632
-97.367205 32.068509
-85.155646 35.162483
-80.782836 33.635541
-95.031956 31.652717
-108.244051 48.565413
-121.527165 26.590672
-81.285294 31.811068
-77.131658 29.114636
-96.537238 34.228768
-78.722772 27.08063
-106.208804 46.483998
-100.591518 46.966758
-121.655955 35.470696
-71.453247 33.794534
-120.119927 26.737585
-92.858741 39.941168
-72.905322 30.630926
-105.875092 41.696494
-71.748394 40.649975
-68.440115 48.52879
-81.057702 27.2367
-78.838073 43.323185
-113.742549 47.355219
-82.411971 47.12291
-82.005008 33.387707
-118.725543 36.890593
-96.649665 39.633285
-86.618976 37.149699
-117.560014 44.231897
-92.480106 29.79968
-90.189151 30.238686
-121.548989 25.813874
-103.276448 37.902363
-82.7469 33.958112
-100.094752 27.27422
-95.316427 28.929764
-86.679346 47.629919
-93.628782 30.693843
-99.400082 35.72494
-118.550488 28.516777
-122.740668 47.819824
-77.852993 43.13636
-112.064731 37.764613
-75.21622 27.981409
-108.042781 39.93054
-121.423939 34.747249
-90.762618 27.398903
-96.69543 37.983872
-109.133127 28.969513
-84.977412 31.059768
-96.893291 46.000769
-97.274867 28.180884
-101.704824 47.139963
-108.416362 41.940116
-102.68951 37.002782
-107.237878 42.648521
-95.5209 32.146968
-99.970979 30.011454
-120.582664 37.385732
-108.128415 41.885078
-110.791282 41.562751
-104.317104 30.20813
-116.663944 40.092279
-92.801152 36.775052
-111.487914 41.200996
-70.514035 35.167631
-94.039829 44.690997
-103.562155 44.438533
-73.103078 30.695814
-93.602929 29.275373
-102.605904 45.015051
-120.152944 43.760267
-93.014348 27.466597
-99.769137 30.896985
-121.402128 37.213505
-83.154088 27.658424
-123.910502 38.100611
-70.02366 48.296723
-89.079958 30.640161
-85.403414 37.054881
-109.42183 31.174249
-101.176899 33.504394
-91.323155 35.592729
-70.633616 39.637182
-120.870088 29.463199
-111.327183 46.190514
-77.714775 40.16231
-74.673367 29.419073
-100.630725 27.296499
-112.204094 43.551075
-78.076468 27.418274
-74.155868 48.003588
-124.180583 26.560628
-70.170531 47.401798
-116.443967 31.953429
-115.382481 32.699634
-114.987043 28.158667
-83.554675 36.333629
-105.449777 45.507385
-72.937414 43.79511
-98.419369 37.384056
-124.400349 29.193088
-96.2441 35.978522
-76.713891 32.503656
-99.408365 30.964588
-96.958359 32.964084
-76.203691 41.409752
-102.54949 27.830777
-88.086185 33.6517
-76.4085 39.249878
-123.66782 44.467566
-124.068978 36.0032
-90.609333 44.341867
-82.741916 47.557226
-89.731619 42.358232
-100.823683 32.573494
-123.774132 28.921256
-88.01492 43.358584
-99.96813 36.050331
-80.620669 27.140463
-113.850625 43.250689
-75.195951 33.365011
-111.234597 28.971311
-124.354544 39.593402
-120.516177 40.604865
-89.697525 42.341898
-123.195263 32.946743
-110.035693 36.777921
-100.283579 28.933709
-105.241773 48.323623
-92.328739 33.411325
-116.4645 26.0189
-72.304547 46.523204
-69.531703 38.406893
-89.367672 27.635755
-82.995465 35.723705
-119.81296 31.76569
-117.525129 39.27367
-100.686218 44.614279
-91.310029 34.543092
-96.846497 29.407163
-93.724324 34.043924
-80.799203 34.642307
-69.885465 30.457474
-80.275135 38.428863
-115.11759 28.102982
-115.358646 48.014482
-113.090175 29.471451
-96.865459 47.702918
-85.051881 45.620163
-115.779702 46.438416
-86.366253 35.030891
-123.733957 37.319617
-98.270101 41.645581
-92.461172 27.572946
-114.354106 42.103909
-91.878669 47.071147
-107.146739 27.671163
-83.607605 45.729487
-90.927189 34.804098
-106.608127 37.273262
-85.29763 28.773149
-99.363071 39.310449
-92.643726 34.860995
-109.479202 28.573919
-77.264939 46.081237
-108.835703 48.373467
-87.398682 40.451555
-101.917054 35.290146
-93.332715 36.828808
-74.985787 34.844178
-78.582103 44.874134
-95.766384 46.746938
-79.970372 33.372182
-102.873287 42.069276
-114.650343 37.793237
-112.263282 29.542958
-112.332343 29.435622
-118.030357 38.000446
-103.350454 47.935129
-120.622533 44.825218
-119.4706 27.074991
-76.87708 36.255236
-117.947806 35.253014
-111.156201 41.863121
-91.572898 42.788887
-96.651686 42.896982
-96.352824 46.098009
-120.60629 45.489954
-115.147094 29.152559
-115.57114 30.927016
-78.482744 25.985608
-101.162708 27.763786
-113.514564 28.008478
-75.688746 41.315736
-82.508145 38.050592
-106.046439 26.766935
-81.6913 31.401049
-86.060535 39.418096
-84.255582 32.017784
-89.615877 40.185809
-123.38398 42.204153
-100.273692 41.631281
-72.280444 42.472761
-103.405849 35.900407
-81.515622 45.406457
-103.733124 30.279215
-124.538265 35.959778
-94.858068 31.152652
-96.841242 32.461615
-124.44426 39.185708
-98.785031 28.750362
-108.613517 43.113515
-88.946442 27.317072
-103.051528 26.668263
-111.778853 48.030339
-112.048952 36.538323
-98.978213 47.683018
-123.449987 41.568201