2000 2
-91.455191 28.923222
-85.139631 27.054944
-92.1864 46.517825
-123.060724 26.730847
-79.42633 33.229893
-90.873859 47.532057
-103.436315 26.142718
-124.168138 25.798455
-76.02414 46.81546
-98.608607 32.130989
-82.47967 45.683109
-85.711257 27.774406
-83.774911 46.949192
-101.405121 38.140735
-68.976946 35.362833
-112.125521 34.389821
-107.074819 38.183733
-110.48144 38.084645
-93.750194 42.052257
-82.404073 48.496435
-90.131554 29.383787
-112.334937 25.952804
-116.041708 44.34727
-107.731166 44.365688
-78.68764 42.399226
-79.416245 38.225161
-102.957905 26.718262
-78.282897 41.881197
-81.501437 37.994929
-85.092807 45.673757
-84.1054 34.775614
-110.216273 47.346658
-107.712998 28.355773
-117.699458 26.386635
-108.11277 42.113953
-98.735469 38.742683
-85.89272 47.908643
-117.434146 47.194991
-77.200088 44.97458
-107.669332 37.796841
-112.49007 27.859728
-73.983517 31.218051
-120.394556 26.442149
-113.516089 38.655183
-109.24578 45.9038
-99.204703 38.339554
-89.467634 30.589909
-124.140978 26.14998
-94.182906 40.390277
-95.97034 37.561266
-74.410948 32.122497
-117.661545 45.518117
-78.418546 33.281208
-75.558596 35.778693
-85.544045 36.509136
-104.383171 37.972812
-71.666655 31.628567
-124.651246 40.506794
-103.857005 28.006665
-111.835719 35.36522
-96.456548 33.175714
-111.14745 26.638829
-70.383382 30.48282
-124.166073 27.471745
-78.31524 32.305888
-106.281137 47.015263
-87.5223 39.897854
-123.378771 40.273981
-109.652301 42.820622
-76.012942 34.207468
-121.76944 40.997743
-98.194419 29.894699
-105.503139 28.073092
-90.571302 29.501319
-73.183623 34.37783
-112.193126 32.616973
-109.304918 37.811797
-99.35805 42.327639
-118.218642 30.247365
-124.452672 33.204173
-89.87933 25.959205
-105.219659 48.256325
-116.43754 36.313614
-100.837876 34.704051
-109.181507 26.307678
-102.672719 44.170149
-69.402217 41.384567
-99.312383 42.883399
-83.920543 45.548332
-78.938906 30.264284
-94.933361 34.357011
-118.269357 34.688587
-87.711406 41.99026
-92.269069 27.400183
-74.306337 39.416587
-110.123112 38.473948
-112.534704 41.425118
-70.993465 30.012787
-100.91612 38.469876
-98.503752 30.418268
-69.794677 39.26711
-103.791461 35.088285
-106.773615 42.354103
-98.123371 31.542814
-109.916237 44.830945
-88.927112 34.894121
-76.481099 39.039875
-87.722995 46.267472
-112.765054 27.4695
-92.086493 33.98456
-96.913442 42.372086
-100.297222 27.045792
-90.310032 37.20958
-120.384196 37.42989
-115.1318 36.368061
-80.417565 42.64326
-116.694255 28.509008
-102.267096 39.61154
-83.533716 26.459714
-100.70139 40.35824
-69.604693 38.836
-85.197173 45.639707
-122.342245 39.403043
-92.781926 34.102824
-100.85894 45.437666
-81.475932 34.542991
-85.399209 44.247012
-92.403805 29.36699
-89.507613 28.57557
-78.948889 30.208024
-117.218575 30.222293
-105.249469 48.639755
-102.473703 28.362484
-91.673129 25.955645
-117.355033 46.730865
-88.043134 43.204503
-115.916971 28.65731
-76.493929 42.553552
-122.655346 34.328455
-114.490693 25.854676
-84.81689 36.644822
-84.857818 42.985007
-84.018629 29.34271
-85.863072 45.030522
-78.345036 27.93532
-117.533401 31.554525
-105.399206 29.097334
-124.857175 33.117661
-114.528789 44.022323
-85.946667 40.954472
-118.575679 30.799774
-97.123004 43.518521
-76.702367 43.065977
-114.428103 40.964296
-73.69028 48.66776
-121.499346 36.034046
-91.532828 33.513907
-86.215849 29.851278
-108.904769 27.310597
-100.241848 47.87913
-88.417491 48.501884
-106.248706 28.135895
-86.409236 45.329224
-109.835135 27.28035
-112.041588 46.967868
-124.637549 38.071571
-82.242352 43.097533
-112.474877 33.147775
-79.482662 40.274027
-70.948518 43.516947
-83.304658 37.978248
-122.100538 37.256526
-97.212347 43.621973
-114.711968 33.556547
-105.714684 45.90615
-102.98338 39.294175
-107.094805 44.860825
-91.358076 45.989732
-110.910941 27.301708
-77.563474 38.129669
-79.207222 47.99798
-92.221655 45.038153
-100.475775 28.861941
-79.593894 28.097028
-100.608528 28.010112
-71.785297 36.09089
-89.647841 35.97728
-104.616678 34.236234
-88.515898 39.510972
-73.617044 42.732429
-122.837086 42.595805
-101.406265 46.300795
-68.745242 31.655099
-112.213691 46.349386
-121.202761 40.683853
-107.654856 40.312469
-100.416204 29.65977
-115.561886 39.421297
-123.457965 39.18559
-68.457666 31.863281
-108.481999 45.860302
-85.996465 39.08104
-113.794811 27.872872
-120.831658 45.268577
-88.106662 43.342703
-76.640738 28.687788
-105.874595 38.385233
-87.6792 30.033232
-86.283026 47.306968
-122.326145 43.369865
-92.313792 43.461883
-90.104775 41.994025
-102.697885 48.176482
-96.24798 25.993985
-119.927288 29.758735
-106.077287 29.727431
-93.360302 44.330151
-114.886743 41.761358
-112.4301 43.442008
-87.97631 48.62874
-116.303702 42.234051
-74.78687 47.588986
-77.484073 40.792812
-91.466071 37.636477
-102.357299 43.174638
-99.465025 41.766485
-98.59129 47.256826
-83.426339 29.506811
-86.107241 33.973745
-104.07789 28.772295
-99.492897 25.798563
-102.568981 48.458782
-68.639208 39.645733
-103.017514 37.953058
-81.467701 44.897409
-73.351105 43.195943
-117.139791 44.377929
-103.805523 33.342298
-108.287885 40.132152
-85.546867 34.820376
-120.457464 31.219797
-90.096075 35.559354
-107.68548 33.231785
-122.494577 31.967707
-77.971553 37.35424
-75.214332 32.175941
-81.66673 44.439419
-68.842103 40.239333
-71.915301 27.45132
-108.996322 36.658262
-99.313694 34.502038
-71.107457 28.051864
-103.518419 34.756828
-105.164515 27.728537
-107.155453 44.647538
-112.306481 27.791602
-82.05508 42.256025
-103.256751 33.46754
-96.218811 47.548079
-70.387474 41.699784
-122.290229 34.946101
-88.489003 43.592912
-96.511236 38.747861
-88.215116 38.737851
-80.928976 34.42141
-85.159989 36.17372
-111.675846 25.884375
-91.869952 27.392528
-96.979129 48.67129
-84.623743 32.327525
-81.741072 28.163031
-93.403016 26.633477
-97.267021 44.08808
-108.564703 30.555233
-119.247623 28.440229
-108.51085 31.651761
-106.192049 43.475109
-116.178312 36.155145
-75.40587 35.643325
-70.258931 47.520633
-99.082703 43.623249
-86.833596 42.082292
-108.806162 28.364482
-84.109846 34.414366
-116.765713 30.007145
-70.723998 45.016299
-105.194475 31.438332
-86.699079 45.385184
-95.160086 37.764396
-110.059757 29.498348
-78.821719 42.547538
-82.145647 35.358971
-74.335771 46.989096
-69.932879 35.88907
-113.021986 42.765135
-107.549867 39.816668
-99.241236 34.822932
-90.483077 25.753717
-100.889184 32.805475
-111.760696 46.455265
-76.700293 37.02538
-71.285983 39.847956
-73.942313 38.213681
-113.175023 35.451907
-110.570761 44.808139
-97.78371 31.073897
-68.922888 46.127563
-106.865614 48.252747
-97.374291 47.639986
-113.561443 43.135635
-110.027513 34.391273
-105.260994 35.18104
-80.508303 36.366628
-71.647357 41.577006
-89.671787 33.446553
-80.59139 42.080578
-70.952905 26.153819
-112.817696 39.621142
-77.222831 27.932295
-91.512522 39.48054
-103.763973 42.853767
-75.193626 28.328264
-79.908681 32.55542
-86.976158 37.452863
-118.973158 44.771885
-82.394214 29.432912
-69.993891 27.894279
-70.261868 34.834258
-96.482812 39.326895
-87.955527 32.023641
-121.232627 28.290653
-117.012738 26.453339
-114.826782 29.242999
-108.135679 39.94711
-104.901245 32.859548
-78.444193 25.887832
-77.014352 44.940633
-77.510506 38.880556
-109.538793 26.295773
-98.632173 48.557645
-92.676742 45.683732
-75.081049 44.317412
-116.625476 32.511978
-69.248082 33.899822
-113.497635 38.077978
-112.534588 44.120875
-108.597967 32.5029
-99.450035 41.62022
-104.642779 46.648465
-89.888524 26.007409
-84.04442 27.318125
-107.38455 35.737187
-120.217917 35.328998
-96.105118 26.051004
-86.296923 26.716001
-81.168475 30.414028
-97.328769 27.668782
-95.370326 30.05566
-89.814437 42.7138
-110.595118 30.142349
-123.331811 47.99006
-98.897325 41.87276
-75.089815 47.392919
-68.544283 38.344748
-81.621168 35.15724
-102.497894 47.546085
-102.757913 28.056854
-106.431914 33.238677
-74.240933 26.002325
-107.016758 41.890607
-86.097695 28.079768
-110.115312 32.534538
-119.753949 46.582476
-73.939747 44.914501
-107.191198 41.706538
-91.433448 40.691618
-85.905308 42.815544
-79.214634 38.20818
-110.921672 42.407926
-72.913269 34.447059
-92.276032 48.18538
-120.409171 41.990951
-113.800655 26.735515
-93.836961 45.626938
-85.478419 38.604296
-118.706738 29.328126
-78.295149 35.323305
-91.624044 28.611136
-98.987865 44.008686
-72.183372 33.566255
-81.913852 26.564946
-121.238152 46.354855
-69.848441 29.989688
-97.876559 29.613568
-71.341267 30.534319
-101.358432 42.807828
-69.81313 34.375033
-77.549817 37.400162
-108.455884 41.660247
-113.249575 29.633039
-98.964496 46.266706
-97.54967 29.984473
-78.273865 41.158246
-95.176686 43.763673
-90.558167 30.662055
-73.66772 29.003392
-92.755545 43.501763
-118.25691 35.798036
-109.856295 45.62328
-121.838981 43.555676
-119.99643 41.856189
-73.218133 33.200258
-104.423249 41.141074
-92.893676 34.625542
-109.772392 47.576466
-106.839674 27.334247
-72.896055 47.609023
-82.355833 28.133684
-112.335541 44.898714
-107.705601 45.709831
-69.727478 37.301016
-70.741646 39.412675
-106.622281 38.02564
-122.045172 46.227728
-92.121457 34.731178
-69.252922 34.530571
-108.267534 29.72693
-84.963032 31.318578
-111.992475 30.675704
-71.448928 39.593508
-70.074233 47.683156
-94.184109 48.597761
-93.887473 31.716518
-120.032553 39.535902
-79.779201 32.614964
-86.404409 47.786594
-81.182722 28.403027
-78.407945 44.968025
-100.578481 36.829288
-105.23481 28.292705
-92.335876 41.65599
-97.873373 30.727324
-82.81695 42.630115
-92.351338 44.897655
-118.10307 31.990307
-123.938498 27.481236
-97.229744 46.675443
-119.231212 36.165401
-81.663108 29.348506
-107.28277 43.153866
-106.462189 44.952814
-112.134361 44.805518
-84.284929 42.765915
-103.756076 47.115194
-102.290723 29.711676
-105.218503 29.076899
-119.184473 33.049157
-106.170307 37.434823
-81.895297 30.033437
-75.221263 35.146045
-110.247576 43.239904
-78.910239 34.039632
-75.800044 28.183914
-106.839963 39.71846
-73.666176 32.154395
-76.029175 42.887565
-116.369466 45.484242
-105.737835 45.905673
-88.166694 44.192953
-99.25539 44.008991
-120.590259 45.405824
-81.462721 38.516714
-84.01277 31.047155
-116.805769 30.267891
-97.685488 28.78578
-90.633566 36.860945
-109.142112 40.377145
-96.53347 40.98694
-69.73706 39.979159
-109.983371 36.138854
-99.105388 44.06139
-101.881647 41.104712
-121.058807 37.519163
-97.73751 32.123471
-95.587666 45.045576
-98.00458 35.471546
-107.65126 42.294493
-92.736442 39.055836
-81.566699 39.800511
-99.208251 26.727325
-119.786449 29.448888
-72.867208 48.207327
-91.246768 34.708928
-91.831384 34.49069
-119.961012 30.894577
-70.33503 27.662762
-123.528994 46.611541
-90.34249 27.335517
-123.30573 27.389912
-117.541429 33.930938
-110.242568 31.762932
-106.446533 45.986214
-94.281712 38.973026
-86.770905 40.315195
-104.523565 29.519454
-108.525388 40.842293
-118.339534 39.406007
-87.752855 46.208206
-73.786416 30.045618
-89.803492 41.486445
-87.703346 48.192885
-82.717431 38.909033
-92.225573 27.558131
-91.635407 39.558689
-116.037779 29.459978
-70.045994 41.60778
-122.623609 48.395202
-122.44062 39.387879
-73.836166 36.729302
-123.032657 41.351164
-69.09518 35.463167
-90.069026 47.234346
-108.294597 32.642056
-107.464391 47.548346
-107.577402 28.752886
-69.169255 40.464873
-81.303441 25.855497
-116.334678 47.238524
-100.751004 38.265273
-97.080819 33.914799
-91.659993 32.459289
-80.726482 35.581906
-102.736624 36.162219
-80.596726 35.355081
-115.839928 44.046222
-94.73008 46.841233
-123.403803 38.796438
-113.336182 35.000724
-96.72001 27.388453
-69.851955 42.410614
-92.761978 29.279242
-115.415205 33.861783
-79.789092 48.169456
-70.070648 41.695911
-98.29442 38.717587
-81.101053 33.747793
-90.070931 30.514521
-92.341402 33.369904
-84.569162 37.762801
-92.76305 25.715451
-115.037523 30.845933
-110.328322 33.828684
-78.355934 31.302201
-101.726037 48.048502
-111.252307 27.46872
-80.819514 42.538088
-68.33641 26.644635
-119.062037 40.858023
-83.312007 43.441843
-76.954405 38.253205
-114.361772 46.982337
-90.759645 41.132346
-87.273566 38.476732
-99.920706 26.778259
-87.615985 42.855514
-106.386646 46.611428
-109.745273 30.698122
-91.303822 41.30706
-83.468132 45.727666
-105.030377 39.598785
-111.589792 45.567175
-108.861105 48.270349
-98.191695 27.375523
-122.827848 45.045413
-82.95362 44.89482
-123.913081 39.869574
-74.897167 30.340119
-71.541497 43.96319
-92.473064 34.119395
-90.158045 27.587626
-73.557721 37.494764
-84.422842 27.50851
-122.430605 34.945431
-86.006009 26.597463
-85.598025 48.395541
-124.218848 34.732537
-95.323325 36.139961
-105.635486 37.92245
-121.558965 44.430248
-100.81379 46.268705
-104.595709 42.483553
-90.488357 44.735953
-85.123024 31.955674
-80.259838 38.208753
-85.769426 45.429149
-109.697904 26.4686
-79.589613 39.29988
-112.506396 25.771507
-116.805239 34.792929
-82.752493 28.331812
-79.837107 27.156538
-82.806212 38.194139
-86.811071 48.073785
-71.48967 36.933468
-79.15284 37.658551
-103.591988 44.362796
-72.161311 34.362426
-121.618374 45.277494
-75.422908 39.217267
-121.006476 30.872937
-107.738242 26.942321
-94.425544 37.40977
-103.909513 37.959503
-122.091102 31.346379
-99.731666 39.080887
-86.241209 27.316621
-105.487968 33.49007
-86.298527 43.499647
-93.995321 34.308512
-94.230664 48.562324
-116.917001 40.988338
-118.309759 35.182901
-84.513129 36.806472
-117.611387 29.399278
-83.739504 41.674656
-85.234958 35.150419
-76.408758 41.96957
-110.645717 32.406513
-111.257198 36.322817
-106.838895 42.156219
-113.248395 33.284664
-89.387482 45.090423
-72.024073 29.443125
-92.437215 39.981259
-118.059594 42.002865
-106.450966 41.382426
-103.288512 28.409657
-68.300988 30.413053
-115.530783 41.10262
-124.172618 41.402167
-70.811605 37.382544
-107.269911 46.290098
-95.722711 27.12936
-74.270302 30.57437
-73.606839 42.767638
-124.77374 31.193631
-88.414597 29.051742
-82.082952 32.2448
-122.516871 33.278884
-95.917176 29.253398
-74.429059 36.693209
-68.892501 28.031287
-73.046025 35.598224
-93.701568 43.726017
-71.246772 43.750005
-122.616733 38.404981
-88.932361 45.076468
-118.368861 32.62284
-95.199035 46.535722
-108.289808 31.581627
-74.311989 26.330711
-114.499696 46.502609
-98.662527 31.995121
-68.576966 40.380595
-91.261348 46.992759
-120.094219 39.615008
-106.203871 38.083132
-98.759405 39.963567
-97.874275 43.306939
-122.590346 31.809232
-119.14295 46.600875
-97.546975 36.144537
-96.744075 41.783404
-99.204109 45.121986
-74.276901 36.411759
-95.259935 34.594165
-107.811069 29.8518
-119.770316 42.061422
-78.777884 31.111538
-121.779831 46.003107
-121.455443 29.859687
-100.579995 35.019599
-73.151751 27.65073
-118.48883 32.663696
-121.333254 47.484635
-119.325585 31.449866
-72.733826 38.427469
-70.707684 27.311219
-70.955511 44.089423
-96.884848 43.50814
-74.056057 39.357445
-94.4671 39.36414
-112.581718 39.143062
-101.727105 48.29194
-113.1843 44.280665
-106.59587 35.081704
-94.08405 44.351945
-85.215242 28.718459
-112.318791 30.062069
-72.057145 31.423481
-69.52533 28.987448
-76.19712 44.748961
-123.68715 38.312575
-72.710822 28.467032
-103.688393 45.92975
-91.417714 47.623665
-74.530183 43.897021
-123.905345 40.947848
-95.847059 33.142969
-102.890544 27.528423
-76.658205 47.564521
-119.36367 38.16843
-103.659305 34.614358
-99.535423 45.530065
-91.205616 35.314657
-114.534356 46.783907
-95.96338 41.105101
-116.286283 28.51161
-119.842331 28.582987
-80.935873 37.32381
-117.561085 31.123575
-79.497761 28.322214
-72.007754 38.031427
-71.148122 29.538187
-95.339399 42.774007
-112.01772 46.141975
-70.742913 29.500169
-86.937132 35.677928
-84.758124 29.988497
-102.219563 36.104177
-75.963002 25.774788
-124.000848 46.775741
-83.358877 35.884412
-113.246413 45.2401
-77.568582 41.449712
-121.698868 26.72082
-75.790483 26.197425
-120.935426 31.744899
-82.02593 35.602677
-101.006992 29.867857
-119.618305 46.223348
-110.916198 39.741388
-99.395559 44.046476
-81.873717 43.434075
-89.224603 27.035815
-115.420479 30.315247
-88.344288 27.71106
-92.29277 43.385904
-71.993863 37.975433
-101.476443 35.9169
-89.002557 43.307998
-112.199668 32.728688
-93.024949 44.187114
-93.024957 43.111494
-96.056838 41.014005
-116.708432 30.87329
-95.242415 33.722704
-105.118381 32.854266
-87.543024 43.9626
-80.257381 45.407146
-110.361098 43.931295
-105.485547 35.913565
-85.294361 38.014052
-121.103621 29.085706
-114.809227 34.304036
-90.017533 30.03986
-105.255059 41.656428
-93.133476 26.774236
-79.016251 45.757499
-86.734116 37.956723
-76.904437 32.703511
-114.049013 46.812409
-75.489533 46.575778
-110.116999 43.567625
-101.04992 34.431331
-96.036036 37.805389
-104.99394 37.122197
-95.15763 38.481096
-76.277095 44.324489
-108.340176 27.584843
-96.897642 27.500962
-100.855006 46.359572
-76.676451 35.61737
-87.883074 42.687053
-75.405431 43.979279
-114.643927 48.530848
-77.690104 45.768968
-98.457668 45.672342
-116.337801 41.123327
-121.461096 29.174904
-117.212688 30.08494
-97.586371 35.210984
-71.916841 36.298868
-82.765331 45.265077
-123.646701 35.201431
-115.211366 40.58881
-113.688343 34.865028
-120.332315 40.365841
-82.288712 28.281101
-69.381379 41.825424
-68.748897 42.657443
-121.117033 27.142228
-116.534924 43.638408
-102.653446 32.001738
-74.402466 48.546622
-97.011915 45.110174
-109.863306 33.655839
-74.398087 27.275009
-101.81382 26.776795
-79.695847 46.550135
-84.566083 34.786626
-83.978833 39.869749
-77.752486 44.345862
-105.174002 47.833265
-80.492062 43.446687
-119.542507 33.123982
-100.467007 26.433674
-96.598978 46.254968
-118.231917 26.716516
-106.80303 42.974585
-90.911736 44.754664
-92.855611 31.414884
-81.190563 47.737472
-112.380603 35.281419
-87.368379 27.219936
-124.65348 43.878945
-84.950783 35.625799
-123.242893 39.106895
-110.695439 30.914643
-71.416994 30.554372
-101.728467 43.391128
-73.776611 46.074601
-79.427986 37.11888
-97.956656 42.850067
-121.003962 44.930648
-115.872516 46.20014
-92.057792 47.197481
-71.783212 42.199517
-68.578265 39.257712
-109.900176 27.386952
-84.03752 29.629166
-76.608089 41.752938
-112.373352 47.869205
-87.291402 27.27428
-107.070872 44.808229
-124.753351 32.985722
-119.018493 34.801439
-93.857318 37.038194
-117.849428 26.15043
-89.955793 37.366277
-97.461455 33.778769
-82.880172 26.413611
-88.584433 36.617039
-91.822497 33.725469
-98.161008 28.945551
-68.427263 48.583897
-104.616917 42.788916
-120.313292 37.269241
-114.598226 46.629107
-119.175449 27.739576
-83.381799 38.570502
-120.99114 41.081557
-77.461145 29.793452
-103.286404 38.992865
-117.044937 45.958003
-88.967056 34.729086
-97.244419 36.663222
-102.54102 42.82528
-114.33644 36.811921
-110.738363 26.569522
-113.396893 41.62723
-80.513088 48.543397
-111.680701 43.920452
-88.335414 42.149987
-122.657462 35.716514
-91.656528 41.880977
-95.294838 41.616337
-116.908401 37.186569
-110.996054 34.298151
-94.412282 37.876038
-102.883451 33.687967
-71.212399 32.427076
-117.06192 43.989474
-111.219731 38.905718
-115.063906 42.310384
-113.986325 33.14548
-76.75291 43.691034
-99.993557 39.035465
-122.997724 33.793367
-118.238723 33.795531
-87.174077 32.50563
-68.479317 26.532125
-90.959776 27.651259
-111.63259 32.76546
-69.146987 29.359362
-90.428612 46.421381
-94.087587 25.719457
-70.042482 32.267207
-122.619601 34.784519
-83.670452 36.303313
-98.774829 35.144887
-85.029603 37.717613
-103.006043 40.001538
-88.707704 41.112619
-118.631007 45.985247
-69.682629 30.613135
-78.818936 31.352922
-116.306142 31.594331
-68.326464 37.73064
-69.024112 44.51315
-80.009374 25.740504
-73.546288 42.414344
-97.658127 33.451303
-94.353113 44.32361
-80.938395 48.554137
-75.677613 35.25636
-123.145138 33.301147
-72.714261 40.391275
-86.471716 43.128675
-115.239823 40.279444
-117.61243 29.891832
-106.878858 27.457233
-88.817675 25.968531
-118.199066 26.915279
-111.968216 42.116116
-79.566994 48.301766
-83.626479 42.530404
-77.434546 35.530177
-89.927734 28.289853
-122.835213 48.623764
-87.962597 46.185937
-84.298328 46.458977
-91.686745 44.502506
-101.007895 38.74148
-95.632062 41.230858
-94.392025 30.045782
-112.899396 32.446931
-97.559347 32.374396
-80.393617 33.31308
-69.739204 27.159646
-111.316008 34.800786
-124.078318 37.303684
-118.615715 44.204301
-76.03911 44.532103
-124.740824 47.323069
-89.160121 40.911281
-110.367661 30.798968
-93.59846 36.158523
-122.75713 28.698061
-119.19763 27.477114
-91.89521 44.989854
-101.267033 40.495091
-119.307956 46.855885
-120.705346 32.372202
-93.05095 38.622181
-93.699776 43.770829
-94.183286 27.627017
-90.122352 34.980578
-88.572596 31.391625
-93.268238 42.256572
-87.669984 40.663182
-112.794758 36.146059
-105.651248 26.551415
-107.786592 48.648383
-104.740426 41.535344
-77.445534 27.626179
-76.161721 41.316636
-99.686287 48.499487
-79.727902 45.184924
-73.781131 37.52202
-88.404893 33.839442
-88.374734 36.304575
-71.905227 47.365326
-69.428755 28.482347
-111.928489 44.157433
-109.055816 40.666386
-86.747562 46.212569
-98.165591 41.227192
-96.016664 41.745623
-86.84778 35.255317
-107.063902 41.97521
-99.402122 41.873604
-68.911043 26.108983
-75.421956 33.745348
-110.709435 45.496421
-105.73503 31.114934
-75.247238 46.089476
-113.239109 35.415271
-103.577179 32.385867
-115.632623 40.678236
-68.592132 43.341356
-73.09478 28.837045
-93.042348 37.185858
-88.841436 31.394794
-111.150547 27.715826
-95.970329 44.488349
-90.583502 41.68667
-100.99195 39.420074
-121.903675 35.663143
-93.153262 31.259468
-96.942806 41.249235
-92.906281 44.093123
-89.356436 29.851703
-68.672274 35.506432
-98.302666 30.911022
-113.222257 30.714729
-69.637615 26.001008
-111.13904 28.04019
-104.553873 28.142953
-103.262636 33.679201
-84.79295 28.750145
-74.478462 26.799122
-77.613363 33.437785
-72.245072 27.788825
-106.804568 27.429536
-79.051384 31.125739
-77.899749 34.157266
-110.495548 43.651304
-112.950396 47.794172
-113.012925 36.063086
-119.534448 46.182107
-68.987984 48.059502
-123.77611 41.883668
-103.19163 45.701819
-69.340809 37.544456
-102.902506 30.262927
-72.991891 29.17527
-101.551893 46.44535
-74.114574 31.558796
-88.294478 39.299617
-101.41001 35.07177
-93.076432 35.497782
-96.565446 44.166958
-116.737587 37.996698
-75.278928 39.658931
-90.683089 36.414509
-87.83249 45.382566
-118.48728 31.305984
-104.287534 30.52855
-76.847894 31.603736
-105.571858 33.168752
-121.160492 37.802302
-86.557628 37.416943
-111.654959 39.053417
-111.935273 29.225937
-77.838947 43.695251
-100.005535 35.045071
-100.507907 31.714422
-104.548168 39.126844
-123.248579 41.220613
-75.852796 40.602816
-93.8353 41.354241
-98.912535 28.949152
-106.029265 44.230136
-101.310276 41.783542
-85.722466 31.5798
-84.619311 32.671517
-71.897379 29.632637
-75.405083 28.018538
-106.752673 45.196383
-99.808762 44.846724
-113.154775 28.113763
-94.932198 41.53648
-119.989676 30.828031
-121.662339 48.312976
-87.464614 47.591619
-122.82464 33.531315
-91.667568 43.161228
-83.512821 33.931885
-124.848611 41.753991
-112.411636 47.244808
-110.648402 44.835386
-77.062874 26.21149
-114.893645 33.933075
-93.083749 28.752347
-101.230203 35.612684
-77.396832 39.324374
-117.980244 26.183935
-104.870427 27.778331
-97.203532 45.206475
-112.296616 34.851001
-121.458498 26.755716
-94.0065 44.150926
-70.674972 37.449002
-82.551386 36.946605
-121.409823 27.219862
-118.516342 43.227795
-68.546653 32.820094
-105.137378 31.247898
-78.363337 28.833423
-103.806758 42.71819
-110.80906 28.674069
-108.294791 37.277555
-96.948978 38.817215
-121.542028 29.781942
-98.458499 39.664854
-116.255379 43.877214
-83.255064 43.211963
-118.619656 30.809988
-91.550706 38.386766
-90.496629 43.85478
-120.308272 38.191345
-120.702318 43.28111
-70.462802 45.197563
-78.905431 38.316462
-117.576389 36.451444
-82.864991 46.62243
-100.561828 29.20194
-123.291467 27.256196
-122.488691 41.947594
-116.327318 30.503049
-116.711169 28.407787
-96.385251 40.683927
-107.11134 29.162763
-106.304296 40.028766
-121.239641 35.865439
-117.837036 33.094369
-79.289373 41.178791
-109.564316 40.641011
-108.088811 37.9531
-114.250718 43.035506
-90.943816 36.842901
-99.132998 30.781236
-90.121152 29.82522
-81.776258 42.941837
-107.484725 46.763284
-78.497961 26.427454
-84.304223 30.647623
-97.27379 47.574594
-120.103787 26.201171
-93.052945 41.964162
-121.234005 43.918675
-104.758021 39.79639
-81.870622 45.394676
-108.642357 43.99495
-102.649592 38.30613
-72.417045 38.002962
-115.612574 34.940515
-68.373429 46.39195
-104.78971 40.423564
-83.401148 46.314826
-71.193087 40.149414
-113.364936 35.383811
-120.722538 34.208586
-120.733228 39.61558
-71.285292 34.431317
-73.99638 31.563678
-80.817912 45.147315
-110.516729 47.611016
-103.483014 33.55037
-93.819247 37.244165
-118.058684 47.702009
-103.954564 44.981947
-123.51718 39.288761
-111.219806 41.850218
-114.048114 42.28747
-118.704438 37.747589
-77.720711 46.53484
-119.251997 34.098151
-81.487043 47.514544
-85.961265 47.214579
-109.328425 31.805829
-87.125534 39.361715
-80.1589 26.398803
-71.030061 44.290134
-115.215312 42.770481
-99.98047 35.54611
-87.45711 38.930159
-74.619079 38.064906
-87.551995 32.972182
-72.568829 27.926015
-98.957687 39.276049
-109.582119 36.977061
-101.767456 46.979199
-90.372021 43.712472
-77.850263 44.708863
-72.474674 40.566456
-114.367822 37.341022
-123.458559 40.432789
-71.953207 48.274665
-115.15455 45.77483
-100.670351 39.577824
-90.4456 42.385165
-100.212759 35.883148
-108.876105 44.950962
-97.181937 40.105712
-98.441224 31.985434
-106.96116 33.691687
-98.109946 38.324719
-76.324319 42.63486
-111.72642 30.191225
-71.234504 45.099427
-81.732204 43.896513
-83.909248 45.929057
-118.347531 48.636331
-89.109494 38.360617
-109.586792 31.360868
-70.831555 36.879059
-70.260856 34.010859
-89.105413 34.763608
-71.956763 47.318752
-85.395859 46.693886
-91.258251 36.509809
-95.985588 30.240067
-102.626608 43.532698
-94.028497 44.361418
-74.326992 44.574945
-98.879056 39.794199
-81.530283 31.571174
-99.332899 29.998648
-108.822989 40.106099
-114.387538 31.758611
-102.048384 31.135248
-105.239017 27.991718
-75.460736 28.670551
-77.972296 30.90286
-112.919666 36.341692
-84.28369 40.022825
-109.389196 28.251397
-105.535851 33.619385
-122.167593 45.876749
-111.289335 45.919688
-101.218836 40.297149
-83.619049 29.691176
-78.477019 31.03533
-71.086631 42.480442
-75.886676 39.060393
-93.081482 43.458427
-106.288996 32.60768
-108.181919 47.818045
-123.196917 45.384996
-112.533137 47.822787
-89.665861 28.09412
-75.357456 40.245752
-97.904737 31.686387
-103.892803 28.253382
-91.154048 45.953741
-89.065008 38.172114
-71.239148 45.202236
-105.076977 48.483513
-77.04756 30.587857
-83.251394 42.059377
-122.638434 32.856891
-117.047039 43.449638
-106.188602 39.61314
-100.589514 28.089463
-94.435005 32.664508
-72.490452 42.201691
-111.558532 27.362948
-85.502181 43.764326
-110.81108 46.367531
-105.703253 43.536665
-95.629881 41.716764
-89.200311 29.833428
-79.972191 33.597427
-85.189553 44.340565
-123.316531 48.042274
-120.605174 26.468668
-110.956203 26.397509
-72.587942 46.059319
-80.863166 42.292423
-113.740874 32.436324
-86.907532 31.329586
-72.389761 40.791116
-77.193317 43.233259
-104.065788 27.715824
-90.885077 37.486416
-78.872137 40.428441
-86.963628 27.214017
-71.631069 40.315425
-111.637716 38.151849
-104.943564 45.224108
-122.074263 27.196332
-112.065241 25.895378
-86.800388 40.631743
-82.272897 26.380861
-79.07318 47.460697
-109.284235 32.849813
-78.048275 31.622867
-121.168479 38.382799
-103.378285 30.108642
-75.782528 27.051547
-84.391338 37.072306
-121.84651 44.353934
-83.493695 34.487603
-99.939885 30.209667
-82.18776 30.741973
-78.848268 45.055864
-78.212784 33.011368
-92.413014 36.895294
-107.472557 43.673098
-71.019099 42.811625
-88.240535 43.024817
-123.661633 42.998358
-114.781598 41.454785
-87.470854 35.843506
-119.060851 41.300885
-111.026858 43.013354
-69.999102 45.722125
-90.609093 30.541904
-96.033458 46.351482
-77.982178 33.572018
-112.114893 43.144199
-117.215591 35.695574
-111.495585 44.89289
-114.409459 46.127097
-121.714392 32.750927
-69.507494 25.886306
-122.564566 45.759416
-99.250477 45.614676
-96.28698 32.706727
-112.225902 45.936926
-124.069241 32.405131
-92.715535 47.172193
-109.383543 44.967025
-118.650167 32.699082
-88.529524 44.212424
-121.258646 44.078943
-95.092096 33.703017
-76.380515 35.419629
-103.214271 48.680915
-109.396769 40.537371
-100.742643 25.804596
-94.654824 25.89761
-105.746442 37.190222
-109.706758 47.029625
-83.618587 29.755565
-81.818292 32.476513
-122.189891 38.039808
-123.126684 46.572478
-112.026845 39.877804
-77.260024 27.091475
-115.37006 41.623966
-119.765381 34.073311
-118.91061 39.787865
-79.72315 33.502535
-78.408203 48.332341
-120.877138 38.452599
-108.926773 43.117662
-88.232071 34.929562
-86.01029 28.77768
-102.22885 40.630531
-89.102475 30.114159
-114.509994 46.973109
-96.472854 44.313562
-84.373211 37.701511
-91.500031 28.540728
-98.596127 39.962585
-97.654864 46.146429
-105.386731 26.102
-69.051868 30.284016
-113.433461 46.152794
-106.773469 31.751502
-90.386357 38.209688
-116.013606 44.53591
-111.725023 37.970412
-75.936315 38.178578
-90.62173 28.554017
-109.594933 44.322461
-107.454886 45.935018
-111.663342 27.92001
-95.391969 44.535529
-92.543342 47.713766
-95.669571 30.358502
-115.708149 29.91072
-93.759694 44.66452
-84.557406 43.872162
-83.688675 42.61008
-90.153189 40.078926
-72.943298 33.635015
-88.587343 40.491583
-89.95225 28.941287
-111.393107 34.012585
-91.676898 44.186395
-92.308696 36.866901
-70.569008 43.487493
-119.268637 35.521074
-82.587255 45.410795
-100.238392 30.499356
-118.711152 42.231447
-114.157951 35.225124
-108.094521 28.570352
-83.335302 27.34203
-80.548877 28.538366
-87.495126 30.332882
-117.991771 38.945091
-106.070456 43.757609
-93.91908 26.096725
-105.078291 44.385262
-116.161271 26.16161
-87.901512 32.291915
-86.981549 36.527759
-116.146224 39.255029
-77.193741 29.912859
-72.769058 38.817611
-104.648197 40.067114
-123.258284 36.207403
-73.658281 36.981182
-83.165812 28.607004
-84.487307 45.521896
-73.600442 48.246067
-70.529265 42.671121
-76.774634 34.212617
-115.8302 29.370181
-88.954667 27.179058
-72.918119 37.728319
-109.737463 30.456672
-98.162267 35.491742
-118.924852 39.270066
-79.083952 36.47394
-69.471735 32.246813
-123.368314 36.761227
-119.172995 27.342969
-120.609748 48.529522
-101.532518 43.811243
-106.033959 29.237073
-122.142177 33.659679
-113.104841 39.917488
-101.079135 39.985221
-100.344393 46.00374
-81.498385 41.925401
-123.768412 38.994502
-123.811875 41.042409
-108.012529 28.451721
-95.755394 34.265651
-81.307403 44.339228
-106.282856 34.635109
-73.692694 42.844517
-117.508492 28.863761
-78.31193 31.151448
-115.368601 35.371632
-107.646534 43.142628
-79.073662 27.995727
-96.028358 39.585688
-95.066553 47.842912
-90.574435 35.152019
-117.447489 45.620148
-102.542535 27.511969
-84.441639 42.058803
-98.435227 27.854924
-110.086045 32.322465
-113.864496 30.007481
-106.475798 43.816434
-102.531437 32.307677
-75.604511 43.403946
-113.780013 41.440372
-109.01759 40.556877
-75.700813 26.284129
-113.096872 37.257488
-117.837847 35.07832
-117.884755 29.96021
-120.940121 35.624136
-72.158831 36.061664
-120.696543 30.358429
-100.619119 34.630193
-80.874416 27.622276
-82.174687 44.593997
-108.619429 38.835931
-88.184042 40.47762
-77.55699 28.394747
-84.672523 44.330171
-108.816734 43.416441
-68.911689 37.527556
-101.103493 31.470625
-77.335389 44.429718
-120.373328 41.851618
-72.763782 29.639158
-111.568926 28.833698
-101.255577 25.869215
-123.861212 28.114812
-82.143704 44.751613
-85.728957 42.888082
-102.218229 27.403621
-123.040504 30.616384
-107.621043 38.749746
-122.652276 45.201078
-87.698292 30.202506
-124.684394 32.466204
-123.06337 39.737948
-100.635448 46.477952
-87.659965 44.939358
-111.522223 29.535727
-111.758934 41.818261
-75.537545 30.828404
-82.500187 42.433187
-68.987866 28.960158
-82.40472 37.558493
-117.939536 37.129103
-78.225246 36.911053
-102.085583 38.935648
-99.493715 29.213741
-93.679376 34.385888
-113.587195 41.997618
-114.853291 39.493314
-117.885534 39.681892
-112.905226 29.974916
-82.015027 47.749815
-81.756541 35.757369
-74.556145 44.416853
-101.265959 34.381516
-69.149448 27.457926
-71.204989 28.720234
-120.941978 31.244661
-107.048476 46.788414
-105.30192 33.564261
-112.112491 35.594846
-95.699152 32.542545
-117.0229 32.250945
-93.672459 39.725692
-102.70025 26.76562
-75.609057 43.175795
-121.835417 35.833095
-87.008785 30.603429
-95.551444 36.705634
-83.793763 31.204865
-81.76463 42.338312
-85.127627 38.085667
-95.894835 29.15063
-80.071136 31.610931
-106.426795 32.493258
-113.082497 36.945376
-112.934558 39.900737
-114.819871 45.557508
-68.453923 36.284593
-81.268602 40.42962
-116.672552 31.505622
-89.028882 44.86877
-115.166589 46.802566
-88.090836 44.66368
-76.595581 45.341699
-117.847845 34.712603
-124.61463 42.907511
-82.700026 26.022283
-73.27106 34.056658
-100.064695 28.437363
-90.782629 42.621545
-121.375493 45.25592
-88.703562 47.869785
-90.30962 29.009049
-114.768596 36.130372
-110.186589 46.665615
-81.012987 40.381928
-78.069522 48.348369
-123.284319 34.395879
-97.604378 43.597879
-107.475458 35.263986
-117.547305 35.812082
-86.214359 30.266126
-90.946319 33.097986
-124.16411 34.735428
-86.218585 42.193813
-116.034462 34.550022
-113.547088 29.546779
-113.129251 45.508837
-92.064255 40.450028
-82.54977 26.699452
-116.701507 29.629146
-86.536846 42.831757
-115.654661 27.473442
-96.872347 26.757962
-109.419789 45.82576
-83.558934 46.275707
-89.130564 47.104543
-69.753094 36.021592
-73.944062 33.742149
-76.332091 42.167037
-110.66583 25.837227
-77.465699 31.221866
-121.928825 37.149056
-94.340941 25.774712
-77.294202 41.301045
-116.098415 37.883044
-123.068504 47.32388
-107.581033 44.992155
-106.007151 47.156457
-104.481491 35.211948
-81.646511 44.179325
-107.74785 46.695534
-118.545511 37.037969
-104.049891 45.191944
-92.949553 33.097689
-110.757383 39.61562
-95.872139 46.654931
-113.23795 27.279039
-100.758812 48.258879
-76.672235 43.668862
-104.578297 32.774611
-105.889261 31.554757
-88.299827 26.87283
-99.005127 32.754543
-88.851893 26.752921
-85.930798 34.732485
-88.920168 41.991657
-69.633435 46.282967
-98.997075 27.8308
-106.933999 37.897116
-121.690078 41.757288
-75.882193 27.921051
-109.88468 47.545405
-96.796663 46.747879
-124.344813 33.606171
-108.89027 45.303233
-77.219226 26.786654
-123.202357 44.880654
-77.088888 26.434073
-105.352331 33.252611
-122.444226 30.43259
-95.420787 32.802659
-106.576547 43.333924
-78.718433 34.819145
-105.622214 34.125638
-104.867389 30.422141
-109.054733 30.489913
-101.626171 37.142064
-113.059121 26.169692
-114.228113 42.172554
-89.766932 40.926626
-103.360311 33.72122
-119.576681 47.106872
-78.069065 40.123858
-95.995421 46.40482
-70.877051 33.590456
-113.315873 39.362391
-100.478929 31.403015
-77.598371 31.856723
-82.041993 33.477723
-87.22107 37.624526
-114.522248 35.254544
-91.088071 37.238425
-107.738088 47.123841
-90.144742 46.218765
-87.10754 37.184832
-84.394859 46.073002
-110.636531 31.660595
-86.510653 34.408723
-100.400083 46.698383
-77.98135 44.580804
-114.522577 43.945604
-73.828048 44.13419
-100.820886 31.442645
-120.837941 41.604241
-109.476148 40.763511
-91.917993 32.161928
-110.804252 43.464394
-97.592111 47.370557
-102.540578 35.212417
-86.638031 46.340709
-97.30474 41.609395
-88.14838 39.666552
-75.599148 36.509959
-101.993899 34.236763
-87.829142 32.688308
-100.195514 28.931756
-109.573942 40.883056
-100.047015 32.478153
-86.037875 45.176225
-116.432118 32.666587
-99.616537 45.299634
-92.872609 35.846971
-109.621034 40.912413
-108.031172 26.20098
-111.793034 47.747419
-121.105352 32.482374
-83.675919 26.239308
-114.177327 39.183176
-122.215287 47.856427
-117.63699 36.195119
-89.936266 45.645388
-70.923779 32.741407
-124.452338 32.073444
-98.241481 44.542469
-86.804678 36.209281
-111.678505 42.571115
-70.350811 48.036306
-121.525662 35.818765
-110.701313 46.800743
-85.038946 46.357521
-105.564705 31.169277
-114.97166 44.920061
-70.916681 37.679362
-80.476254 37.959684
-93.451112 41.285291
-104.191094 27.141008
-85.581817 36.910471
-102.578213 29.538937
-111.585932 47.163744
-80.684097 31.575584
-121.512565 28.284777
-104.103979 27.658055
-96.416374 36.454276
-114.09244 37.895596
-98.560433 48.227141
-113.827188 39.090744
-121.213708 31.466334
-94.469728 26.318496
-109.893914 28.298017
-119.918531 40.430178
-72.597887 37.741678
-111.944979 40.16096
-87.231133 47.09644
-70.85778 29.014994
-117.829565 43.315172
-96.877243 34.853275
-123.225294 26.80409
-79.006634 26.136681
-122.246844 37.102196
-122.189754 25.866448
-73.312913 25.994147
-109.807633 30.930795
-101.382357 38.382576
-70.462745 38.748117
-70.953514 32.984144
-111.83618 34.282549
-103.150522 27.261122
-115.118117 27.048971
-91.180135 29.153416
-86.343202 43.816834
-82.553528 35.513658
-111.49637 30.183614
-101.652693 40.217001
-103.375416 34.096559
-91.196831 28.245581
-123.512956 48.647154
-83.032616 37.217075
-84.905764 27.258374
-97.894742 37.169863
-77.229888 37.169065
-110.8862 38.041604
-104.809354 25.874311
-97.717192 34.203655
-121.339443 48.158155
-71.777657 32.595484
-95.66454 30.59109
-100.682428 26.69364
-83.745397 46.715229
-115.650996 28.99991
-108.295392 42.403933
-79.851758 45.703545
-83.448947 33.31271
-116.163602 44.625414
-95.285356 36.661401
-77.473064 26.691572
-115.52036 37.815047
-87.288734 36.093231
-74.199092 35.539333
-77.45697 36.856819
-121.720981 33.075852
-104.542641 48.280454
-112.109092 46.46724
-103.606814 47.780588
-106.627213 43.20653
-84.549306 46.386166
-123.922143 39.231674
-69.53068 33.94327
-69.529452 47.585017
-108.676156 32.370765
-68.579531 40.825847
-93.356222 38.333808
-84.774082 26.810067
-99.373461 25.801134
-118.099518 41.300049
-91.159523 28.542199
-79.622027 42.438395
-80.487818 30.584978
-85.190982 35.227126
-118.242446 43.48839
-68.44092 35.627475
-89.188147 31.035364
-89.744247 35.649736
-119.065593 28.18688
-107.431269 35.518301
-94.267377 29.323575
-104.915493 36.299932
-115.335946 29.384936
-72.401065 33.977319
-89.370795 36.800993
-101.230863 43.265958
-68.661412 47.944727
-99.600856 31.657027
-115.326033 39.548113
-116.667181 35.652117
-113.758635 28.830863
-109.978282 28.163837
-115.592706 44.133235
-117.414889 33.878411
-118.174952 35.83451
-89.816807 48.581505
-73.115519 28.373311
-91.457988 44.763265
-112.497608 29.901162
-122.838432 38.764025
-117.589816 30.540373
-76.844594 30.496067
-89.688543 29.354717
-69.069221 46.871158
-97.092845 32.082523
-89.120123 42.52709
-86.861594 45.446584
-94.557909 34.758607
-118.561823 43.576651
-102.476434 41.572859
-111.910017 42.162832
-105.906921 41.821437
-80.277656 42.925138
-73.740331 34.373956
-77.37247 26.215817
-80.672248 41.358444
-94.263248 33.067975
-99.970589 45.57685
-77.64622 35.606547
-102.720918 37.666628
-98.448099 25.832592
-93.77696 37.143581
-74.339506 44.076278
-100.153772 41.880534
-93.879448 33.676913
-71.648034 28.770433
-92.497852 36.93058
-88.109915 27.598278
-85.838652 36.429256
-110.31049 39.328373
-76.399514 29.02237
-102.111311 34.835141
-71.852995 28.873035
-82.892317 36.810295
-78.631698 35.280823
-120.070482 33.109005
-97.190096 26.954043
-101.099079 37.992088
-121.168714 26.268953
-94.15777 38.859025
-74.250402 27.597398
-105.401297 45.723142
-79.263269 27.434899
-105.777973 47.080311
-94.703465 35.048304
-91.781858 29.703485
-72.002363 38.896542
-108.550215 27.638557
-107.33762 40.734132
-117.340833 37.825177
-78.591874 39.632412
-112.568398 26.424957
-108.658532 31.920438
-91.015598 45.304282
-119.282859 43.328277
-120.84764 35.38773
-77.259838 40.747933
-90.518546 30.714419
-118.737635 26.533152
-89.217301 39.895597
-78.140751 44.445087
-118.57585 48.424149
-110.568458 35.596755
-78.280698 36.007166
-118.972592 39.530446
-103.132665 42.915335
-122.70961 36.460445
-109.814214 39.232508
-79.140242 45.929664
-105.112463 28.755154
-111.292129 41.013819
-124.279143 31.740623
-90.254552 34.738147
-123.315931 31.439518
-120.056414 27.115553
-87.62814 36.899841
-104.969803 34.854529
-107.285084 29.600683
-112.246976 48.569845
-72.675145 34.852847
-105.415381 40.06243
-69.921632 26.035004
-86.132738 31.025709
-99.56205 32.243987
-77.966158 37.51268
-79.280174 38.722776
-68.674019 43.868726
-114.087244 45.069081
-120.445545 30.112179
-120.262555 47.457895
-119.93257 43.42634
-70.496054 44.364248
-78.103677 28.895971
-68.925935 44.786772
-83.247809 44.498172
-81.740393 39.376239
-76.329413 26.834943
-88.388446 46.02427
-86.524354 44.705396
-99.614257 41.459397
-80.814752 47.566873
-107.706116 39.117199
-78.31543 47.47764
-79.909143 42.469931
-112.136108 31.817741
-79.264471 33.530735
-99.924802 46.952694
-93.11675 44.542652
-123.525878 27.961977
-68.601897 46.841492
-99.755598 33.876629
-113.532677 30.283449
-118.957771 42.879002
-82.161349 36.076141
-95.165589 36.929082
-70.309903 45.97863
-108.30546 27.854738
-91.134098 47.533142
-116.72382 43.614112
-78.919952 44.988333
-98.967495 31.573443
-114.332459 29.38744
-120.084104 38.074506
-118.769725 32.220183
-75.234233 41.347496
-121.272217 41.711676
-91.758267 40.57258
-102.942879 32.70952
-119.576995 39.6237
-78.156204 46.966094
-76.682116 37.530547
-92.09894 38.333328
-68.996143 40.664099
-99.462349 42.913349
-119.392148 28.967502
-71.990233 46.508558
-110.09256 29.707425
-122.136678 36.903365
-118.092702 35.252663
-91.827907 29.816585
-122.007314 45.838608
-108.523989 33.467637
-77.675972 37.737212
-120.941703 38.743259
-73.710822 27.631367
-74.653733 36.698603
-119.706002 41.585413
-100.717354 33.174532
-70.868092 27.138264
-118.608743 42.71112
-90.623091 31.905528
-102.75251 34.667283
-84.971864 42.011157
-70.926774 46.677302
-81.380098 39.182785
-120.306318 46.587999
-97.347848 48.041627
-84.239754 29.726906
-85.706968 45.319856
-120.201257 37.717269
-107.822805 34.324432
-121.401094 45.003828
-77.383309 45.752327
-113.843073 25.801493
-97.622403 28.650803
-115.523045 39.446592
-112.315608 30.933215
-112.092078 33.391725
-108.085532 34.181469
-91.13517 41.727912
-111.126592 29.341336
-116.963856 39.354149
-101.04499 31.230249
-91.879547 27.068265
-73.183678 33.13831
-94.37412 27.923976
-70.990901 40.984742
-74.049392 29.105154
-104.397487 30.866121
-71.951648 26.870894
-96.865122 45.762577
-110.052918 37.849878
-110.216888 29.012114
-95.546812 40.723346
-86.279806 48.014682
-112.96907 35.736053
-123.459816 27.380273
-115.831895 47.031718
-103.506251 27.903831
-87.664576 33.86302
-98.633461 31.493675
-113.341485 44.213775
-83.234028 48.335369
-70.004508 38.395329
-81.251958 40.092975
-114.053923 46.94724
-112.289075 28.632585
-112.166746 43.281043
-85.124423 42.546705
-122.526359 34.207945
-85.622002 48.452033
-98.06851 42.464518
-121.724074 32.118666
-103.894751 28.073097
-89.325416 30.922158
-111.159454 27.155027
-95.658139 47.341201
-92.93345 29.194541
-87.832798 29.511794