2000 2
-92.977886 30.046136
-102.511921 36.847299
-93.122615 36.606615
-121.321574 47.62897
-71.252878 38.880342
-79.984533 32.229868
-109.817845 31.360976
-91.830481 41.309338
-74.667637 48.393601
-103.430915 28.963086
-112.081192 34.077152
-83.398805 25.889441
-113.735314 35.404449
-101.770211 28.8904
-122.223371 36.05627
-95.871096 47.786914
-117.023763 33.021049
-110.123574 25.885173
-110.901695 46.837004
-78.214963 39.921948
-72.652906 43.77939
-90.515886 34.396314
-76.681616 47.462808
-71.904721 25.962542
-93.353985 42.171108
-83.600742 42.513303
-97.425785 34.871997
-98.204933 44.346251
-103.205786 30.193086
-97.175059 43.796453
-71.717174 45.770987
-101.999555 42.346123
-118.464534 38.148711
-73.28516 29.18332
-113.640657 46.219875
-117.511885 30.849262
-70.558183 35.813526
-106.316708 41.936642
-86.226937 48.389846
-106.203488 27.658061
-97.564743 28.129067
-92.600505 35.216857
-122.897271 45.73563
-124.672971 48.083661
-117.712739 29.240239
-83.07037 46.250901
-118.019485 29.743737
-82.595724 30.681613
-124.03931 45.517597
-86.944524 35.145323
-122.470058 30.566647
-120.728794 42.725637
-98.531669 44.252356
-105.26993 40.54385
-76.223725 27.685496
-105.712326 28.437541
-75.659028 35.838999
-117.635008 47.958422
-100.963991 26.849735
-89.610383 38.62387
-123.716359 26.520203
-74.723458 42.48279
-115.374568 33.909484
-83.124614 42.192206
-83.978961 38.466115
-78.884757 36.931622
-68.511748 27.300195
-103.304079 28.175936
-95.301452 36.14092
-72.152499 47.9037
-103.87656 29.52606
-104.781281 28.189751
-84.99794 27.557289
-118.471665 48.102041
-90.560105 26.988884
-87.558494 35.437319
-109.582977 34.413496
-85.644676 37.222718
-74.928166 27.344734
-111.420647 28.455642
-97.528958 44.705964
-88.681471 40.491008
-72.098705 44.696648
-118.11863 35.204629
-85.12616 28.052975
-92.264824 28.250428
-97.913139 34.097515
-84.555992 39.07683
-88.240272 44.098129
-75.470345 38.423531
-100.411398 45.948976
-122.365395 38.268188
-71.281653 40.452296
-99.949572 27.62435
-88.270435 35.342806
-78.627537 46.849643
-79.338205 48.225224
-77.730375 47.557573
-102.724648 34.137984
-111.04011 38.560977
-74.945417 28.524562
-82.253225 37.437733
-116.303193 42.620596
-80.950296 47.747626
-121.934937 46.433485
-120.5216 31.897171
-107.922855 30.583015
-69.626723 29.030633
-96.907521 30.196574
-120.554554 26.706975
-119.873137 41.435442
-123.727543 27.199636
-83.587563 39.105794
-91.027404 48.069265
-123.399584 37.65619
-96.38296 46.125358
-92.80613 29.390199
-92.005202 35.741158
-119.129297 28.947994
-96.070723 25.735807
-89.925421 38.77473
-100.007295 41.646695
-95.53224 38.900374
-114.688828 47.731926
-68.942315 41.784772
-95.110359 35.921387
-92.911878 37.378489
-104.786375 28.798607
-68.984366 28.9744
-119.815471 33.493423
-68.525376 26.897417
-114.595771 32.386704
-112.870161 34.536301
-73.941362 46.029595
-77.291826 44.868327
-124.386185 45.46969
-115.446055 48.176691
-69.651293 28.633647
-76.230332 32.416441
-109.747944 32.317076
-87.928192 33.936691
-87.56537 47.236803
-70.377712 25.850101
-96.37402 34.512075
-95.101514 43.572571
-89.588653 42.544702
-79.782122 42.231563
-113.672959 32.087233
-121.697823 45.674133
-110.182608 48.580494
-105.75479 31.186825
-95.547103 30.992963
-121.838879 41.061808
-108.194978 48.276209
-79.948408 43.302689
-85.697077 31.160386
-117.687301 38.309398
-101.071614 40.292643
-106.987244 33.288368
-110.300011 28.518254
-72.780117 35.018637
-114.950789 44.043813
-122.74434 46.252617
-122.182795 37.987509
-71.112759 39.588459
-107.114005 37.498034
-83.644159 35.191268
-101.746063 27.771005
-85.159871 40.828265
-100.783622 33.214601
-72.51359 38.699438
-79.260329 41.65386
-68.960779 33.422271
-89.921852 32.042124
-83.184555 29.499937
-86.740494 47.57799
-115.673054 46.837942
-87.448627 35.934811
-87.903074 31.482893
-119.624631 35.828038
-85.540205 40.230345
-117.620219 43.482699
-91.269948 42.011555
-88.937693 38.295788
-81.393546 44.553605
-86.350695 27.685431
-118.46532 44.975194
-96.096958 37.676371
-123.371456 34.022747
-75.619551 29.577634
-115.522049 41.174222
-70.858967 33.553688
-106.259406 46.006608
-96.247144 27.384741
-121.399457 26.234193
-85.204925 27.177353
-103.136421 44.461033
-74.118866 42.554577
-107.605681 28.598354
-115.593947 32.214802
-99.97649 25.928466
-121.922784 35.071849
-80.248282 38.060982
-68.378192 36.633574
-80.83657 39.845824
-112.387283 35.447913
-100.151459 34.343979
-93.831037 26.990358
-89.394923 30.734278
-68.581872 30.3049
-81.793562 33.082059
-83.535133 28.681235
-110.984163 42.639969
-92.666658 37.864996
-71.901398 45.069272
-75.318623 27.615538
-104.71947 35.905827
-88.335934 41.413399
-70.655426 47.789722
-118.130117 33.787769
-79.279735 39.018884
-73.814134 48.0401
-115.687675 36.693021
-69.566517 47.091788
-106.728469 34.968118
-73.257063 25.83754
-75.526345 26.292358
-75.958171 36.227663
-97.0732 30.688522
-74.665896 27.461876
-111.334477 36.287903
-100.194836 48.213965
-87.433593 45.018804
-88.249342 42.594776
-102.054775 28.310594
-79.265219 45.070832
-111.397819 31.655659
-81.324416 45.541281
-72.380278 28.810286
-75.020871 37.10959
-122.870402 41.10347
-70.315973 32.147259
-118.41688 42.656351
-108.389418 34.425204
-86.957903 48.085553
-106.038884 30.289573
-114.016017 35.371965
-88.399056 36.844702
-85.961151 44.209351
-106.38515 40.757346
-92.674909 34.391537
-117.762861 40.157861
-121.344175 39.183203
-74.600054 33.877206
-107.460349 29.349507
-80.216223 47.425873
-71.612255 42.094242
-97.361859 32.323996
-83.469821 32.658076
-111.588724 39.909445
-123.594965 46.543279
-97.403896 44.083981
-90.621575 28.522006
-82.344434 35.358302
-81.712976 48.120916
-92.269263 44.38958
-88.452215 25.972105
-101.149446 29.965438
-87.041109 41.974928
-80.423054 32.288965
-113.597411 41.018322
-118.450493 47.604144
-107.095901 34.740711
-71.847449 26.561472
-76.49002 34.757915
-77.946963 29.167475
-105.463092 37.293458
-108.521514 38.531347
-107.772566 30.983798
-110.683378 45.170979
-88.005573 35.311208
-97.581156 37.640235
-106.152702 47.516768
-122.72628 44.410603
-116.420947 40.541269
-76.261884 31.003762
-70.130448 29.677591
-76.012433 45.046144
-69.4536 47.523223
-86.613885 36.330321
-79.229381 41.096169
-77.098712 38.015026
-77.251821 46.0831
-83.538864 41.11775
-104.461601 41.068238
-88.456504 39.367583
-117.904763 43.60739
-100.220584 45.193544
-78.858033 35.618578
-114.689774 34.88673
-76.506101 45.026416
-99.487692 47.339034
-73.396808 39.919395
-91.881114 39.353854
-117.576724 30.700985
-95.003044 26.089738
-76.939647 48.488195
-82.061678 30.737815
-95.838423 48.160487
-100.707873 28.534577
-72.61136 44.509541
-86.681281 45.960131
-116.474007 41.585992
-109.378398 28.542522
-101.911458 47.344815
-106.610364 34.532462
-85.399393 27.46727
-121.130782 39.046813
-94.458427 45.13523
-124.141097 30.61896
-123.565158 33.63523
-89.219322 29.67228
-76.043975 30.54725
-86.992494 32.76863
-96.04371 32.561504
-89.500211 48.599288
-120.677397 34.70557
-94.099306 38.138024
-112.121899 47.078338
-70.521831 38.619676
-102.042623 47.920687
-82.192769 36.480595
-84.323169 32.06619
-108.668148 30.945291
-115.111271 25.945961
-69.783284 47.183643
-121.107819 37.640548
-121.055009 33.411803
-96.825459 26.186594
-92.068022 33.02861
-124.058814 46.386277
-118.795031 32.878332
-109.001611 37.354913
-91.764458 33.498438
-105.959223 44.771459
-107.982636 39.030446
-89.946175 27.27193
-85.203513 38.016945
-102.772344 41.489014
-79.746374 29.878313
-104.489626 35.800451
-69.999434 43.562672
-81.531631 30.119035
-80.081047 40.973777
-112.833203 34.39544
-96.989149 34.950423
-117.860654 46.78533
-95.864614 46.562281
-73.790067 36.12224
-72.579913 46.209948
-123.656409 35.980664
-114.669516 31.58558
-119.033122 43.437792
-93.476124 32.426878
-113.105215 47.118408
-118.540485 38.108223
-90.959751 35.520536
-123.689269 47.544527
-121.195054 32.84264
-106.58423 32.753354
-78.502889 48.364931
-74.807641 37.961028
-111.89714 31.556082
-93.03159 45.276949
-109.643947 40.525031
-90.682169 41.419387
-118.508111 48.312999
-75.574819 36.202408
-91.851897 43.544414
-85.484817 28.927188
-68.859219 36.127907
-100.054278 38.802802
-74.608361 36.605462
-112.856349 39.629197
-93.148861 26.956759
-82.78448 38.063512
-73.29126 33.712603
-124.17182 29.821711
-101.958634 46.36116
-85.124062 46.175964
-78.53564 31.877823
-85.977579 41.21196
-93.596952 47.79465
-77.998181 28.543491
-121.663819 48.093249
-101.390967 43.256412
-98.492238 44.68664
-112.840698 34.014012
-91.619256 36.453443
-98.395744 35.703477
-119.53046 38.868972
-98.391222 32.978639
-81.234852 46.056859
-92.506311 47.252332
-107.924036 34.112407
-88.207209 35.677028
-79.109808 28.487051
-78.118562 26.077655
-75.164398 40.596944
-93.385264 30.644192
-119.101722 43.897559
-100.466626 47.438184
-90.465955 36.10166
-80.274718 31.780071
-119.244778 32.634974
-122.190053 39.877548
-112.03401 30.975937
-107.637394 42.851269
-113.417747 40.011452
-113.394705 40.675906
-123.088226 43.362912
-105.304211 38.801154
-119.843074 28.903402
-79.033554 33.87245
-78.685687 31.284756
-68.469941 44.423761
-103.779312 33.597014
-95.984705 28.027648
-112.940094 28.857144
-80.246248 39.777788
-76.06664 35.820194
-109.800883 39.763672
-119.916557 45.158512
-107.862325 47.513487
-79.061157 47.237704
-105.507304 36.955108
-91.567805 26.186236
-77.20223 40.009443
-99.738458 28.48323
-91.902738 31.315045
-95.948219 32.838882
-71.025488 46.302263
-80.576343 46.498852
-86.486215 26.501679
-111.611153 26.620415
-89.800659 31.068996
-115.641796 46.904161
-71.851541 32.711568
-118.870149 36.261188
-75.560037 45.209956
-112.719555 45.916711
-72.53423 37.336795
-111.880865 41.005204
-93.037929 42.672063
-124.853975 28.861337
-111.681409 28.919934
-74.833999 48.054676
-122.332683 31.437959
-74.886759 30.347881
-94.717833 35.453689
-102.569351 37.349435
-88.606687 31.251108
-109.857248 32.786167
-123.011328 48.54435
-118.040997 27.252047
-84.383745 34.069456
-84.110882 38.483901
-100.447717 29.622281
-102.617275 44.907904
-96.579039 25.976327
-113.587995 28.849728
-98.871565 37.378313
-89.901882 33.802345
-84.256883 27.187442
-72.135321 26.013847
-116.14408 37.727634
-96.090301 32.191753
-96.76092 39.877132
-104.855228 27.142367
-120.485697 42.45576
-104.106051 46.250127
-124.017 37.454195
-73.442288 27.520517
-80.39299 34.165665
-90.474428 44.971703
-78.680593 40.466948
-77.391422 31.218506
-124.637454 37.667622
-109.482417 43.400436
-82.023689 41.332377
-116.257196 39.341471
-118.531055 39.181228
-119.253436 39.42646
-118.629476 27.338285
-79.864861 46.086284
-82.287235 37.086439
-77.101502 40.671746
-101.001034 46.847629
-85.968725 39.11205
-91.087558 34.390189
-73.581087 45.811405
-105.029852 40.230012
-86.428091 30.902738
-92.977914 45.287399
-123.368831 30.260198
-76.023148 48.4413
-86.050912 35.122446
-120.901101 37.651425
-82.692736 40.37298
-77.625027 41.665304
-112.616439 36.939532
-111.814951 42.878409
-93.105053 32.659649
-106.416513 31.590832
-109.460536 44.363599
-110.657643 33.015733
-110.995222 34.54464
-94.281805 37.4753
-118.279086 42.062234
-87.032893 27.428373
-93.41573 36.380067
-82.510096 25.851885
-83.284514 41.704
-97.16393 31.49065
-85.766866 46.284406
-109.811225 46.230791
-74.057282 32.393536
-83.436397 43.842425
-115.676213 44.894174
-73.138629 26.952761
-90.089209 43.236042
-104.989135 38.745893
-100.687511 37.630643
-110.66869 39.703856
-100.984274 37.654988
-122.650418 29.121727
-94.937585 42.111029
-109.32081 27.788272
-102.483627 33.157838
-72.316226 33.217609
-113.071377 46.119979
-112.658385 28.165667
-69.242872 39.161434
-79.551209 37.252794
-100.545465 37.979536
-96.138022 36.370598
-81.425802 46.539126
-124.701014 40.841564
-123.291504 31.360095
-124.006188 33.62466
-122.121657 42.717376
-73.297525 37.467738
-111.218626 39.976713
-117.899245 33.449596
-86.077616 36.93951
-99.916487 30.855756
-112.771574 43.419037
-105.416781 44.413579
-124.535684 40.137903
-79.268462 46.87197
-115.456585 31.686008
-85.75627 34.994762
-85.462422 36.479199
-99.447973 29.007957
-78.148 39.072211
-114.377329 27.305797
-96.439833 48.274944
-77.608425 31.873824
-75.421295 45.413606
-96.53104 39.970528
-110.209319 42.078934
-92.535686 46.269444
-88.863971 32.966421
-71.036302 33.142465
-111.590307 29.669184
-115.571571 29.307236
-70.671269 31.030276
-84.027208 40.082464
-123.345158 32.100812
-93.635717 47.109663
-111.511197 36.081349
-97.003267 47.19165
-108.917251 33.018403
-99.498622 48.021212
-74.995088 32.945981
-103.288313 44.206874
-106.921211 40.978253
-99.470934 26.333855
-122.468202 43.588572
-100.314741 45.180264
-106.220576 47.477175
-80.28845 29.546396
-107.213463 44.328607
-83.769159 30.017466
-111.327615 41.399864
-89.669146 39.520681
-110.653951 41.330862
-95.600338 32.559191
-103.177047 35.317928
-84.11382 37.337916
-124.298638 38.988654
-80.589564 39.68547
-113.196584 32.536244
-97.842302 37.839563
-124.053641 28.858002
-74.191208 34.070842
-78.472555 38.956792
-110.746765 45.85939
-86.387016 43.912825
-114.531526 45.03223
-79.633454 26.447544
-119.415642 29.922506
-103.332357 39.727244
-92.522764 29.401856
-75.532331 34.382641
-115.326458 38.820351
-99.722195 29.289061
-92.260594 40.203758
-112.97593 44.026217
-117.755099 42.552405
-80.684244 30.665404
-101.058391 43.183289
-74.178314 35.718179
-114.845458 29.025081
-76.625688 41.789861
-114.306207 44.673189
-83.341994 30.835067
-92.997586 46.795641
-119.34088 45.259981
-97.187968 29.074042
-123.776041 42.553788
-93.690254 31.507397
-92.004993 47.851012
-105.815419 26.710587
-123.034462 45.388144
-107.240411 44.920276
-90.79687 29.904729
-96.028517 43.324524
-123.906996 47.648343
-104.206463 27.36859
-111.412814 39.051808
-124.692149 38.851493
-116.59014 44.479941
-88.997528 36.797601
-108.445159 40.743233
-78.089981 37.450877
-96.020834 29.713886
-95.127696 30.390804
-72.071358 38.614688
-84.040645 35.690532
-98.229949 43.069672
-74.662313 26.672189
-101.614955 47.055138
-115.21815 29.580637
-77.408908 45.509921
-118.532913 29.679167
-95.551675 44.287998
-102.028366 44.549188
-114.98882 30.75305
-115.59747 30.191311
-112.78823 35.372447
-69.694243 41.527085
-113.061506 35.858777
-80.279236 46.744202
-87.259264 40.501395
-74.590042 33.004827
-80.611672 43.310603
-84.1009 47.327314
-113.280988 44.72977
-114.98057 44.310797
-71.03733 45.562483
-109.065892 45.821692
-114.481055 34.659901
-108.578904 40.46162
-74.553305 35.52882
-106.735715 41.481512
-99.482982 44.844355
-86.321709 45.735734
-124.799704 46.873345
-114.789073 39.209966
-110.660285 32.243794
-99.493612 44.08967
-111.300935 34.180856
-75.411787 39.713196
-85.624335 34.179845
-69.965563 45.896012
-71.681695 32.042486
-92.432993 46.024109
-99.558636 31.919595
-119.686253 45.915296
-89.051702 45.082318
-68.383136 38.335382
-104.276822 28.496491
-97.716801 28.676851
-113.796052 35.499376
-110.048983 27.924723
-81.25934 35.727026
-99.275623 46.640353
-103.238805 43.798837
-103.249186 47.043206
-85.252763 29.707128
-82.11455 48.202029
-110.277274 27.6073
-93.799091 45.975409
-122.784678 29.207959
-97.77916 36.926565
-107.675891 40.763304
-120.244348 36.214294
-92.001337 47.630128
-94.59855 38.478224
-68.668643 41.156322
-74.878738 38.607309
-106.574824 29.910712
-73.178552 27.769708
-99.291953 33.537124
-117.771556 40.149319
-78.680532 46.236331
-112.699031 36.884766
-101.215205 47.57943
-77.415042 27.628766
-104.092321 32.796452
-78.540321 32.47731
-120.519634 32.224917
-121.590533 31.582059
-71.495393 36.291166
-102.698032 47.770683
-95.229993 47.421876
-114.059676 25.9192
-120.314421 31.378776
-104.199697 33.360068
-95.034285 28.203956
-107.712082 38.449493
-78.977734 36.678954
-101.48581 41.55603
-68.335157 41.35942
-119.258804 28.786
-91.479397 46.491693
-71.138261 40.902222
-120.977898 34.75083
-98.097615 37.853543
-97.109561 45.912911
-116.98266 39.178651
-71.075237 36.190082
-88.823213 40.261272
-98.722766 31.411669
-70.844696 37.32798
-77.090348 35.270488
-124.724363 40.778086
-108.252547 33.252467
-105.136969 30.733316
-70.015888 39.229742
-114.284278 45.416425
-123.503183 33.158995
-83.816655 38.668465
-99.761912 48.107816
-83.01974 28.832081
-71.893764 33.504511
-97.564316 34.191333
-117.094091 46.226189
-99.569253 29.28147
-71.537425 30.774104
-92.675349 32.790154
-78.944737 40.278467
-104.105171 30.243173
-117.463287 44.82476
-86.95252 31.56219
-78.058224 33.648878
-121.954008 33.844701
-98.628909 48.616419
-76.745368 38.974629
-98.829324 48.409094
-80.18278 30.82881
-116.551582 31.818181
-112.189466 30.958396
-103.045095 40.866703
-121.150564 43.614209
-69.050187 45.879061
-96.586603 35.025241
-112.720607 43.972147
-76.181417 41.625369
-118.254807 43.360078
-122.039253 26.381232
-121.653698 42.965627
-76.583261 47.263875
-75.922849 31.056988
-96.827745 31.946673
-70.534993 27.44463
-120.498477 30.387714
-117.491213 46.828262
-87.62288 46.261672
-83.251162 32.794668
-120.794385 31.389127
-90.171798 28.901124
-116.877833 30.687593
-118.424212 37.785994
-117.47539 27.154307
-102.328383 27.981027
-84.02593 28.118
-102.151725 47.448229
-79.369197 35.672772
-73.210183 38.490663
-113.374489 37.623938
-79.69075 45.022213
-100.70594 30.692581
-123.636998 38.569049
-103.804789 43.440581
-105.950058 40.93092
-120.972867 36.971583
-119.799531 34.915339
-112.244712 45.553791
-72.152405 44.027412
-69.947681 37.505102
-116.237148 40.307423
-86.797326 47.381418
-99.307551 38.821397
-111.830204 32.817052
-70.182332 26.860634
-92.332568 30.542145
-84.450692 30.155467
-111.825234 38.433534
-92.133922 42.758319
-70.506529 33.405902
-103.784549 28.751306
-122.324214 34.414049
-110.589439 27.336155
-120.373957 43.667311
-111.766176 48.473708
-75.395129 40.377074
-123.715026 27.703516
-124.780743 31.648255
-121.933622 34.001255
-104.535192 29.5254
-74.956827 30.23783
-110.973386 46.018771
-116.704231 31.707289
-97.048094 38.560078
-86.621236 31.218073
-116.555955 38.636478
-120.126692 42.252221
-84.720202 27.314611
-70.630223 45.235744
-99.254984 36.899028
-85.743063 43.605625
-85.543573 31.321687
-80.029994 48.305159
-72.059927 40.707578
-123.636625 41.542779
-106.428394 27.31243
-112.592778 42.485136
-88.549416 43.18156
-97.89344 34.114044
-112.538281 37.318345
-107.392953 27.934836
-78.567459 46.498112
-107.152785 30.722086
-107.97706 36.064856
-115.521781 31.933176
-106.094433 25.905861
-81.674787 33.167428
-74.098084 34.831221
-76.864713 48.306096
-68.615773 26.666966
-85.544494 38.226695
-73.660031 31.055214
-107.26254 48.321349
-123.397883 41.582497
-110.936937 38.799037
-87.465411 47.233307
-91.13357 32.82947
-98.433197 32.28233
-116.35124 27.956536
-104.724961 29.914068
-116.966368 48.433729
-106.348846 36.651411
-94.949891 32.509696
-73.469642 30.144331
-76.634956 26.965746
-76.820128 33.982867
-81.125203 36.183507
-98.60512 38.170346
-82.570414 31.504096
-106.420244 37.525683
-81.182963 32.257517
-73.750856 48.492116
-108.528431 40.371161
-93.923816 40.479648
-117.379898 39.25033
-69.112314 45.042832
-108.147326 33.285219
-120.360194 34.266267
-111.093827 30.258673
-121.076424 42.961591
-113.526839 26.554579
-108.050247 27.023489
-68.402864 45.303111
-88.591837 35.776953
-85.731218 40.529409
-110.805044 33.185282
-83.265319 36.0648
-108.244683 30.097023
-108.862783 26.696313
-111.655265 37.15269
-96.158722 36.154483
-120.66256 40.716012
-115.824092 39.167539
-113.307116 47.324173
-120.676922 37.651408
-86.920318 47.024065
-83.971845 27.6348
-72.346578 45.772746
-117.055819 34.298475
-111.213131 40.301779
-90.303231 47.684087
-114.725344 29.203532
-113.587277 43.555923
-111.824443 30.390207
-88.890567 31.571607
-119.152897 27.280738
-120.904574 47.513218
-68.588984 33.32822
-70.029451 38.869986
-109.561465 31.63323
-95.089593 30.285141
-89.923365 31.601868
-117.038209 36.810962
-71.796091 35.008279
-79.918163 39.733375
-76.150321 30.216361
-75.571225 26.410115
-104.088099 38.195751
-92.516916 38.428415
-80.11032 27.64047
-91.685796 48.066586
-113.29388 35.087227
-121.413605 36.675367
-109.632696 37.440969
-102.662283 47.20641
-106.959331 36.326043
-121.280522 46.444793
-116.354098 39.641149
-81.469878 33.874342
-90.563816 47.562078
-95.554702 43.996487
-83.579965 36.070136
-84.483868 28.758811
-74.245862 38.764623
-124.593308 37.841228
-84.707028 36.738772
-120.37467 30.041165
-120.6371 27.747871
-89.075959 35.780975
-84.179421 32.03384
-74.700879 42.025849
-102.279814 40.552593
-101.170659 40.020068
-113.816269 27.259496
-68.833278 42.504937
-72.051166 29.172096
-82.449109 47.181084
-109.092701 31.772553
-118.648552 44.712383
-72.167785 42.304574
-82.863693 33.670611
-113.271852 32.984876
-108.245385 28.933459
-117.939956 46.643306
-103.335634 43.251578
-92.294556 32.367356
-114.898325 40.365599
-86.434615 46.530511
-119.419183 27.82529
-79.710346 38.461336
-69.910417 37.396449
-71.88778 46.328769
-120.864309 45.735706
-72.201467 29.112654
-68.479366 45.361373
-80.974176 31.403118
-73.81805 27.174466
-116.300869 36.041283
-86.732571 34.888666
-70.957736 29.313875
-99.697326 40.531078
-120.827253 26.264464
-104.104555 42.61208
-94.266602 26.964245
-92.871386 37.450403
-115.868396 40.406351
-117.81082 43.851204
-118.864832 26.800223
-109.309945 44.225043
-90.343372 42.439985
-102.989049 37.657228
-114.726662 34.003052
-113.257117 30.725952
-119.136428 43.949043
-70.186757 39.07135
-119.825005 45.695872
-86.76499 47.679518
-124.852345 38.974511
-114.471688 39.921051
-110.861624 36.93854
-88.35853 27.923897
-81.470308 27.956351
-77.120005 27.856515
-95.103076 35.035471
-82.286949 42.774106
-97.69294 26.875255
-75.956098 27.37151
-98.983153 46.190855
-116.77002 48.101718
-87.902591 35.427781
-81.919684 30.026484
-90.336695 41.293763
-104.827379 45.538992
-82.360501 39.485044
-77.279939 27.470245
-89.068092 42.356196
-91.975953 47.351552
-117.713834 41.453646
-69.563126 47.543303
-116.545248 37.275517
-85.633102 34.651833
-102.259219 31.243892
-70.921179 39.571759
-74.805955 44.804398
-119.923338 44.810159
-87.056936 28.974536
-123.429759 27.457728
-113.990406 40.575408
-124.086299 28.63553
-107.094786 44.328418
-122.652918 35.029818
-106.523688 27.703986
-107.120491 41.776317
-91.580645 40.303994
-92.91494 34.330749
-83.701542 40.747068
-90.559137 48.450304
-90.788168 25.919332
-75.756246 47.304016
-75.337136 32.433027
-77.275692 34.798923
-77.672784 26.480643
-115.107033 27.083702
-121.13821 41.069424
-80.6233 39.506979
-81.845233 39.865469
-91.294718 48.511359
-124.500847 27.099789
-100.197587 38.83863
-81.152528 34.352615
-106.628607 42.190151
-72.312096 44.154931
-87.872377 39.607991
-119.158675 37.272273
-116.877644 26.7043
-99.431924 34.412318
-117.49887 42.348585
-120.53532 36.6182
-119.710964 28.853025
-103.306984 46.09475
-78.404173 35.146834
-85.673919 33.151665
-114.307846 40.717795
-112.654478 44.164782
-105.29137 28.599415
-119.616273 48.094007
-103.093701 34.711734
-120.657678 40.666232
-107.69338 33.265549
-107.182627 25.941993
-89.019683 35.170595
-97.452026 36.328136
-94.330573 42.520952
-106.770595 28.686126
-84.537496 45.149668
-97.609916 40.870853
-106.435338 33.494077
-115.202959 36.134187
-82.039048 30.896491
-115.181112 33.00147
-119.905663 35.397354
-75.238264 44.054806
-79.625275 48.407569
-121.003266 38.930263
-79.767432 47.553342
-101.892524 25.772081
-101.250979 48.431468
-110.71576 34.310759
-103.022716 29.472008
-119.683542 35.13811
-92.754043 31.561676
-91.344883 38.347806
-91.754383 46.097446
-90.443989 40.606864
-124.407197 46.756296
-116.892535 43.64603
-103.06918 47.664229
-91.799624 46.54279
-109.279689 31.642081
-69.869048 44.707056
-72.059274 38.503789
-75.436779 26.56823
-122.359826 27.412125
-83.515441 25.838295
-122.825012 40.348724
-97.733731 46.745526
-76.824991 27.347914
-101.474211 45.446234
-90.159025 38.147214
-116.869788 41.349886
-93.456646 46.37548
-77.095938 38.123383
-104.104311 46.891457
-89.62431 40.80275
-86.006398 36.827888
-82.841644 37.560828
-86.948803 38.869329
-78.265027 48.608138
-85.883554 42.617133
-111.78546 44.417871
-115.575108 31.401259
-72.1214 33.471472
-97.703899 34.702017
-117.692537 30.104834
-76.98613 42.213734
-69.848188 27.056602
-113.9914 41.193634
-102.981222 31.771971
-97.568653 32.379329
-110.061646 26.596968
-78.015484 42.307691
-89.027429 45.986766
-122.512438 42.915957
-96.71745 29.885778
-86.889805 31.070519
-81.343741 42.893015
-99.30567 31.26981
-101.702644 33.629023
-86.116212 38.802039
-107.178492 38.445467
-102.024257 46.675024
-114.503431 42.41587
-79.835985 41.069837
-111.629501 42.995903
-118.656461 30.283569
-116.753239 30.958727
-72.487261 35.618409
-82.42896 33.83652
-74.399347 39.180822
-96.107778 42.932403
-76.222569 47.217194
-82.376553 27.365752
-111.970241 31.633006
-103.329545 47.159817
-93.009888 42.306572
-109.329604 37.096558
-101.075047 37.851111
-95.149604 34.215326
-104.979589 39.629394
-84.318969 46.696004
-104.772862 29.5323
-74.366568 45.662722
-102.102528 48.032163
-109.562271 45.972434
-72.589673 41.883893
-107.802964 25.751899
-99.290371 31.527899
-100.299135 39.744898
-93.58728 40.177098
-115.303593 43.138392
-115.294107 33.899618
-109.187127 43.458717
-71.648126 46.535124
-86.546633 44.249446
-90.143218 28.413767
-92.445848 34.748244
-94.166741 39.864954
-106.699506 38.72236
-102.507544 37.00562
-78.213185 27.395862
-92.759857 40.595973
-105.605101 26.099038
-88.917994 27.123928
-86.668249 46.3475
-111.293186 31.722081
-116.661355 47.046116
-91.153219 40.194246
-114.041649 27.070197
-75.101189 26.640353
-97.722239 48.423911
-74.433802 28.348318
-123.359833 34.219553
-74.137618 30.800033
-83.269847 28.428572
-95.000886 41.496987
-94.817352 39.42884
-115.727506 40.443862
-95.926348 28.784397
-89.542785 28.959236
-98.853422 42.65881
-106.622055 38.697848
-109.777118 43.650837
-93.235327 42.772692
-121.926183 30.002252
-93.52461 36.864084
-88.634791 27.810912
-98.612753 35.15939
-74.006046 25.894061
-73.103667 38.666378
-77.658661 47.649368
-100.155023 47.366734
-113.590329 34.515993
-70.892346 43.542639
-110.463637 43.643689
-92.073286 28.343834
-83.976008 41.174632
-98.891997 47.894189
-98.390447 28.568444
-68.829561 47.497543
-123.493696 35.383587
-109.262654 47.730454
-101.581341 30.462308
-117.667372 28.050733
-110.469256 27.273654
-72.04003 39.709416
-84.542314 32.846262
-93.665878 33.762881
-114.281387 28.0798
-101.361628 29.082009
-73.073744 29.212245
-73.697337 34.586142
-71.199602 45.694499
-80.614502 36.560826
-102.555594 36.225544
-117.51065 41.930156
-108.979686 31.983911
-95.778018 28.679317
-82.859999 28.729097
-104.182025 30.153898
-119.947861 29.947441
-103.1795 37.202465
-99.089319 39.796093
-89.328566 28.210053
-101.066333 35.733027
-103.68261 35.435172
-78.537123 31.122371
-101.142721 39.298142
-121.485846 46.521841
-86.016474 44.488996
-69.015833 40.854795
-89.377068 36.107833
-108.549188 33.663528
-117.9554 28.066465
-102.171378 42.987972
-87.814627 48.471817
-94.61789 32.523198
-111.484735 29.486871
-77.632407 39.468157
-94.444777 44.063052
-120.675085 40.012189
-98.648497 34.184807
-92.731896 41.351989
-72.899511 26.731807
-119.713786 48.05653
-121.381664 40.881512
-101.493535 40.628299
-116.947932 37.369775
-124.531286 42.203559
-117.353293 27.852894
-92.478052 37.903427
-102.579004 42.625565
-117.31576 42.781586
-116.580385 31.221803
-90.909097 40.60672
-79.158774 26.664212
-101.658259 44.058965
-103.106559 43.996217
-121.295371 26.254619
-90.882723 41.632182
-116.647521 48.382106
-98.70843 33.941308
-77.016156 37.79442
-71.462031 39.629489
-97.038037 33.914507
-89.888701 43.88391
-100.800637 39.155415
-70.232555 25.772795
-90.536746 37.567731
-80.857973 44.475201
-75.583593 45.147345
-101.21894 26.426836
-109.079934 39.968797
-97.0556 36.407578
-82.689615 42.972984
-74.865235 27.472491
-117.075967 28.274601
-83.977107 44.160771
-91.546982 41.157261
-122.63192 38.579043
-101.063576 27.450085
-118.266398 46.798821
-116.070655 45.673308
-100.8588 33.533967
-86.030189 29.730185
-78.040692 37.082829
-117.929853 31.71856
-105.075257 36.060844
-80.756787 41.116665
-114.33217 35.525811
-93.15577 42.247756
-119.548578 43.796685
-78.208231 30.030671
-95.943504 44.680315
-121.855449 33.471884
-109.602622 38.369011
-124.177418 37.574748
-117.655796 36.647383
-68.327367 47.481568
-106.96867 41.324067
-98.117748 46.85572
-111.322184 31.643887
-109.400873 47.626592
-102.797456 31.753741
-92.120954 29.150046
-88.993452 32.610332
-116.479763 35.259185
-94.403979 47.207081
-90.025215 38.980401
-106.344435 40.996983
-120.500762 30.094503
-71.964147 38.278728
-75.697927 41.224186
-115.297672 30.019923
-84.156712 45.788656
-117.790571 48.312152
-78.015736 33.285333
-118.767666 40.989323
-104.155464 30.305429
-85.92788 46.026121
-102.629246 33.871368
-108.282772 48.620878
-82.245539 38.746947
-99.348824 28.488675
-86.701507 46.702482
-100.018387 25.859215
-119.437994 33.636101
-101.357617 33.832997
-112.244098 36.256467
-73.562182 40.088806
-121.091327 40.863027
-76.87552 40.874073
-107.664597 31.458418
-81.079268 45.374403
-105.070042 35.869968
-92.759886 31.068622
-117.598557 35.904552
-81.699135 34.623985
-104.68378 39.601315
-106.594619 34.969334
-79.57616 31.777922
-110.043111 27.570098
-87.552146 33.929484
-107.962126 43.850655
-119.39074 43.583808
-77.140391 38.075904
-84.647801 45.123127
-113.495951 30.789935
-118.778367 33.859668
-90.228603 45.851678
-98.917676 36.33909
-119.748543 29.402665
-114.5815 48.192603
-99.643268 35.017398
-94.631399 36.352567
-118.73769 43.659698
-90.990092 30.363061
-86.393234 33.476785
-79.808575 41.82438
-96.149512 37.085734
-75.689732 41.199613
-120.285871 45.456037
-116.707872 41.043715
-70.964485 41.847049
-90.993939 45.38183
-124.262115 44.514358
-86.01992 32.078732
-75.1493 43.139563
-102.174355 43.250057
-94.97013 27.81773
-94.673054 31.21941
-79.009157 41.219762
-100.283367 32.418013
-79.207469 29.83916
-83.732603 30.471353
-72.025982 45.595875
-82.183682 48.323081
-88.393502 46.790997
-121.363757 33.188493
-74.734129 33.362995
-78.234196 45.998905
-122.566322 32.007778
-76.07204 31.534928
-86.177938 26.797241
-113.161582 36.275698
-80.920365 27.766061
-120.590995 30.143324
-71.372535 46.588248
-86.850557 36.666735
-85.7795 31.738535
-100.906719 48.258388
-120.548978 39.878711
-85.711349 26.58521
-75.412409 33.299575
-84.693996 45.059063
-74.424567 47.763437
-91.584398 26.03057
-106.898481 39.735884
-78.440994 47.566807
-112.614405 38.13075
-103.697514 36.990913
-88.149686 27.292179
-103.410387 39.323461
-102.98429 41.818636
-85.35598 46.066384
-98.960925 45.599427
-95.593299 32.499346
-114.530914 36.677055
-116.6871 46.18624
-103.213249 27.853546
-84.793634 26.304026
-86.037216 42.401553
-93.376328 36.570899
-93.488184 38.540425
-115.235604 29.98187
-83.724256 30.134201
-69.81853 42.48446
-112.149413 39.501363
-73.537064 46.7667
-119.903234 29.344149
-111.611894 38.242123
-102.28175 44.722122
-121.776128 47.45358
-102.607142 37.464358
-107.474602 39.386782
-120.190849 33.972724
-76.956921 26.335195
-87.281692 37.315313
-74.180796 36.85906
-107.503131 39.899785
-115.651926 44.378954
-77.408081 30.764201
-69.992395 36.607492
-99.357602 47.932122
-105.898097 46.279798
-114.551864 43.390943
-100.616588 37.226615
-96.686608 38.223737
-90.932347 39.331247
-102.695661 38.803575
-112.036979 48.678085
-81.006519 35.158294
-104.898457 48.596256
-103.702054 39.109455
-71.211573 32.463561
-101.783398 43.60052
-116.084685 42.631894
-117.088111 32.747021
-68.806634 30.374999
-113.45768 35.365705
-110.983353 46.476689
-70.235117 35.141768
-111.446859 45.311117
-73.988545 38.136201
-114.414635 38.600551
-121.630867 34.181713
-106.181202 39.315231
-79.170608 33.079056
-117.330534 33.413896
-117.710778 28.096819
-99.841351 33.379237
-91.137431 27.133147
-115.118816 40.47627
-124.020347 41.39956
-82.885521 40.005197
-87.577428 34.260428
-122.673976 30.344805
-110.608608 33.638629
-91.520164 30.259711
-78.537285 28.029649
-90.372369 40.076085
-89.678026 41.776224
-75.88141 45.734058
-107.974511 44.212876
-97.38136 26.858351
-111.82375 43.155183
-83.127906 27.288541
-77.70898 34.239104
-121.089499 47.532255
-109.930434 39.270982
-91.347324 37.053017
-96.268149 26.530046
-92.379188 37.651167
-90.012857 42.611295
-77.507504 48.28439
-102.407528 36.529684
-91.678138 31.689076
-77.820554 31.814013
-82.387878 43.12642
-100.658049 43.457958
-80.36336 41.741781
-104.599309 31.223428
-90.643737 48.384824
-78.708218 29.532726
-80.917423 36.898205
-72.284839 39.885822
-78.693834 42.918483
-100.186629 25.742356
-123.361233 37.112094
-124.541084 29.278629
-68.813528 31.880182
-68.801713 28.593873
-111.59079 45.600295
-90.335383 40.657678
-106.025936 38.045318
-108.315263 26.994718
-88.190932 35.713738
-94.383197 47.191692
-122.525677 31.652213
-115.010113 36.04055
-114.710094 34.712695
-73.286987 35.337011
-68.635251 34.653787
-97.359725 31.632612
-98.171103 36.256554
-111.182794 39.578887
-111.31225 35.011906
-101.763038 39.506747
-101.034831 36.404078
-83.542342 46.659741
-93.175647 44.96375
-77.850283 45.088255
-121.944604 40.909882
-108.955121 34.664677
-89.630442 38.35673
-75.721887 38.815634
-122.249372 42.550352
-78.107491 32.980364
-120.551039 41.0868
-86.744406 29.212534
-85.865054 26.994656
-74.50337 37.840497
-110.248787 28.307128
-91.720068 34.750944
-99.400461 34.353491
-69.23061 32.744122
-121.534086 29.184974
-107.264258 32.550626
-71.084647 43.165465
-106.382448 26.031264
-74.69424 37.286288
-109.605499 33.644591
-91.436493 33.844589
-90.036875 31.920522
-90.491009 27.272516
-98.777762 43.96031
-85.733133 31.055172
-123.985997 33.677193
-79.791805 36.746888
-113.329358 35.567623
-90.972197 33.793517
-104.666533 40.463292
-89.373062 34.326499
-74.597254 45.58837
-77.002526 35.752828
-94.973051 38.261133
-110.412998 34.231171
-100.08633 48.566565
-118.215993 35.822627
-101.471191 42.656825
-90.596486 38.173229
-94.821246 34.869252
-98.018272 27.069738
-106.934059 48.177504
-121.751978 34.099561
-82.550909 39.30535
-124.674459 41.761547
-84.284634 43.250349
-89.06721 46.447779
-83.793892 43.631356
-77.437708 29.420595
-104.435297 43.446129
-68.730325 32.862641
-119.90711 34.835671
-109.679121 32.788926
-115.425009 46.520636
-90.47516 38.783567
-103.391211 27.343599
-97.135172 46.438387
-117.208966 45.727791
-105.167067 42.02787
-96.225279 44.662844
-102.846964 45.562046
-97.145296 40.854486
-78.222417 42.751639
-114.427594 31.605331
-88.226198 30.219959
-93.143313 48.542509
-85.824066 45.231997
-82.565616 29.315408
-104.226581 46.803991
-96.074849 44.214131
-103.798453 36.455035
-112.086128 38.011452
-105.484652 35.987924
-76.941897 26.720432
-93.830994 31.880566
-124.081105 32.515592
-116.330977 48.625445
-76.686649 41.883681
-121.877067 29.607887
-92.157146 45.805823
-118.704638 42.544967
-102.800813 43.120993
-79.522615 48.521621
-90.4037 48.4919
-105.114447 39.711598
-103.027555 44.140554
-82.840346 37.490037
-83.102539 32.647906
-113.168983 27.236255
-117.4822 39.954019
-78.4981 31.157275
-100.250392 28.665564
-108.992701 48.311979
-72.841915 37.82308
-102.099941 35.442942
-68.622316 40.80032
-88.662041 39.959896
-122.8151 33.346933
-85.413707 37.358023
-92.67766 47.182177
-78.269177 38.502923
-71.625213 47.95284
-115.24485 33.256921
-120.639138 43.547643
-98.302721 26.507999
-89.918493 34.327906
-117.438726 32.658001
-102.9983 30.291701
-88.55752 36.058207
-99.444834 25.955992
-111.858503 47.010106
-86.28766 33.405683
-114.731185 30.152949
-88.872086 35.851362
-81.574399 45.34764
-70.483614 45.305934
-86.072357 36.087548
-116.56768 44.806021
-102.339811 27.311446
-82.704263 44.35849
-119.619611 27.889906
-101.231514 43.702653
-121.26265 39.393478
-84.979051 37.29428
-119.671611 31.351565
-94.611556 46.731356
-89.888728 38.350486
-96.126615 32.83998
-119.142317 41.735494
-100.610469 42.978307
-122.604536 32.466919
-97.651967 43.703069
-76.025547 46.489072
-85.380217 25.79878
-79.272022 46.097737
-80.595608 30.305959
-113.48356 45.657579
-123.420907 27.288638
-102.692616 27.034047
-87.897781 39.223136
-70.891515 46.164514
-78.997169 40.326102
-83.236534 35.017638
-69.642789 44.183382
-90.910409 44.372224
-94.311603 39.806074
-75.478975 40.295182
-79.515246 39.102401
-88.378738 27.330671
-87.988945 30.089542
-73.287462 29.86025
-83.190697 39.644933
-102.78834 39.834275
-118.874766 43.200581
-70.605732 42.119374
-120.896054 38.187446
-106.080296 37.275186
-87.436014 39.244782
-90.393426 41.285151
-107.132736 41.779659
-122.17493 43.435345
-74.281201 38.48633
-117.493493 29.335609
-103.42912 34.873091
-118.638916 48.628347
-106.34508 27.435555
-94.44383 28.726033
-69.316904 35.940768
-110.261353 44.987197
-87.694757 31.598685
-106.031061 34.040525
-70.553112 27.349374
-80.750004 41.726092
-72.061549 42.289473
-79.313521 48.559492
-117.699405 38.917498
-78.195196 39.077375
-82.240598 26.532533
-100.245361 30.120546
-70.975348 36.073396
-116.048355 30.254111
-70.767993 39.143454
-117.258441 26.31951
-77.315113 30.197556
-87.464713 31.360461
-121.875013 45.849552
-82.415084 29.519822
-123.592435 28.37004
-79.002159 47.490859
-88.198979 40.800767
-95.413785 44.600428
-118.093598 35.569337
-117.874983 44.974111
-102.823311 47.280018
-71.899041 45.317233
-111.714251 40.282126
-89.733225 47.297641
-91.713817 26.530485
-81.590842 45.576786
-123.497619 40.845039
-114.188124 38.157864
-98.442731 47.332161
-77.232359 40.863056
-89.228508 38.497821
-81.809652 47.279027
-112.144768 47.859846
-91.665426 35.034383
-103.306119 39.439261
-112.158632 40.398516
-103.272597 33.500026
-118.276761 35.910156
-108.822767 35.698205
-124.426823 43.302478
-82.886109 40.767994
-110.855914 42.887881
-74.39842 40.894208
-104.150103 39.162329
-115.236623 33.409777
-88.271373 41.060232
-83.200541 36.608965
-96.711337 34.285814
-85.120167 27.083156
-75.063618 42.70461
-83.197716 33.980713
-82.752743 27.906329
-122.441855 25.863882
-117.061115 25.916161
-119.479594 40.964471
-107.671687 42.488389
-105.759833 48.352493
-70.286364 38.496934
-123.701864 41.571565
-120.683668 34.563615
-112.856873 27.666945
-101.672948 40.190999
-111.446403 36.715166
-98.033375 43.255308
-98.500581 31.115095
-88.385927 27.431211
-87.071139 42.694049
-104.707125 47.323353
-97.804601 29.70725
-112.594431 38.497695
-76.932251 37.405732
-102.380426 45.497517
-105.447408 40.929755
-78.309807 35.230347
-90.988154 48.268216
-85.532793 35.91809
-69.456601 35.78007
-87.230368 44.91245
-109.883082 39.628058
-88.9306 41.605549
-69.434873 32.976373
-112.137629 36.286449
-107.885892 48.510823
-97.345805 42.66599
-81.35993 26.936831
-94.401152 35.754966
-104.317332 34.874143
-91.282775 33.623591
-84.984168 27.483431
-74.981349 35.658261
-117.54007 38.113791
-97.633353 47.609065
-117.488938 47.419258
-119.046964 27.368529
-72.401663 32.090669
-87.152185 26.662443
-123.728281 36.022701
-84.779618 44.572206
-71.013878 32.428673
-97.835271 29.925025
-80.350017 39.71102
-113.313096 34.477794
-110.162682 30.008837
-83.737478 47.068028
-123.746122 35.227443
-117.135647 31.350145
-70.769005 39.572875
-88.40604 33.322282
-101.320086 26.754512
-83.862758 29.860274
-68.981067 44.86119
-119.429786 41.867861
-72.923817 37.554536
-69.538319 27.312727
-82.230408 28.028354
-83.510119 25.899558
-117.076761 27.6722
-84.311641 41.810204
-108.84032 29.190568
-103.819391 27.117533
-98.503026 38.804439
-70.187154 44.622178
-119.307109 26.929347
-87.033776 39.817343
-75.575942 40.876275
-80.726319 26.259196
-69.022431 28.55599
-82.991209 31.564243
-108.036281 41.329454
-86.707961 43.040308
-77.659535 42.562881
-107.039594 48.186492
-83.326795 43.689952
-96.769094 29.050096
-105.695171 32.822914
-87.981199 30.968613
-97.585396 36.012648
-83.248587 27.524882
-73.317521 31.647088
-105.24499 30.065054
-74.558402 32.258755
-68.743043 34.03535
-107.592456 41.123435
-68.48676 28.227274
-78.095759 38.579436
-92.534867 42.739302
-92.547433 39.870355
-93.549096 37.015557
-96.889541 39.389719
-71.814331 46.952448
-84.537994 38.366962
-116.780569 26.707422
-84.89663 28.868032
-121.304944 43.030273
-121.865822 45.647805
-122.692386 34.476109
-86.611124 27.757629
-92.971072 28.970079
-87.091062 46.340008
-97.250916 40.450427
-98.541299 37.930773
-76.384318 35.644639
-101.786426 42.537397
-120.378913 32.006055
-86.695848 44.046245
-96.893957 34.606019
-69.203117 27.673309
-103.391689 37.965744
-87.242733 36.34098
-110.909399 27.809988
-109.114463 26.611393
-88.029022 34.466448
-91.937837 37.592068
-97.986301 41.571137
-91.624361 46.908009
-93.58156 43.669866
-84.016728 40.858125
-78.094319 26.140209
-83.075621 43.207764
-75.804023 41.061438
-106.444789 39.204013
-107.457727 45.462856
-117.674032 41.979867
-99.176148 29.527715
-84.297371 35.399068
-105.113955 43.949883
-94.380862 39.754962
-77.178649 26.289336
-78.975011 46.299578
-93.199917 33.20172
-110.406803 35.312487
-120.336199 39.173561
-101.62765 43.070415
-97.216844 31.862497
-104.622404 35.141589
-83.38502 26.36098
-103.246137 45.867058
-76.04317 29.116663
-107.279911 34.470049
-112.636969 27.758816
-82.291859 48.578222
-99.742781 43.343303
-73.605023 42.21899
-71.111935 46.911833
-124.217073 38.236717
-75.641361 45.794956
-104.072327 26.601282
-113.761644 32.084595
-101.390804 27.372427
-92.242296 33.699487
-69.49278 35.685966
-78.885001 41.904697
-75.158358 45.240413
-114.47223 30.23397
-75.046542 40.204456
-92.641754 27.92715
-116.7356 45.006082
-95.295393 29.137717
-79.10039 33.639845
-117.212053 35.596405
-111.003318 46.140329
-78.098717 39.399213
-102.601226 46.748915
-108.03577 31.687135
-70.953166 28.399785
-98.106577 29.965586
-107.089122 45.22998
-96.21878 28.739946
-79.933708 43.128599
-121.267909 35.117266
-122.723059 31.729876
-104.214337 44.463914
-99.268778 33.895317
-93.186415 28.480062
-119.899553 33.095606
-110.146134 48.03004
-77.745139 27.497708
-87.922059 26.279653
-80.168248 42.148194
-72.240312 39.638906
-76.892407 28.034223
-94.088687 45.442584
-111.887754 45.012644
-102.15953 37.390521
-123.269851 36.798076
-77.967028 28.683975
-84.580223 46.120227
-102.607749 39.999226
-102.934504 40.401465
-111.220086 25.870803
-104.191743 31.735149
-69.52367 30.509261
-91.917396 39.626529
-91.184253 30.675212
-88.001518 43.305696
-123.848175 37.55557
-107.700537 37.54611
-103.188502 37.859708
-99.100294 45.269124
-87.28752 39.055118
-124.663707 33.613654
-117.048093 43.638964
-118.255155 43.636365
-69.742033 43.278705
-95.391791 44.242987
-76.802547 29.407494
-111.744179 47.429768
-93.65954 38.555718
-74.304781 35.826777
-100.702251 46.491811
-107.563922 42.928019
-71.647892 31.393908
-86.342796 33.38803
-98.493857 34.888943
-103.786263 34.405243
-101.887724 26.183669
-102.364463 41.051174
-106.779742 29.559799
-96.188389 37.817836
-88.516045 31.001535
-110.54795 30.393582
-78.981555 28.724737
-82.427423 40.254228
-74.339882 38.558444